1	0	0
2	0	0
3	0	0
4	0	4
5	0	6
6	0	8
7	0	16
8	0	24
9	0	29
10	0	34
11	0	40
12	0	46
13	0	58
14	0	70
15	0	83
16	0	96
17	0	105
18	0	114
19	0	124
20	0	134
21	0	145
22	0	156
23	0	167
24	0	178
25	0	195
26	0	212
27	0	229
28	0	246
29	0	264
30	0	282
31	0	301
32	0	320
33	0	334
34	0	348
35	0	363
36	0	378
37	0	393
38	0	408
39	0	424
40	0	440
41	0	457
42	0	474
43	0	491
44	0	508
45	0	525
46	0	542
47	0	559
48	0	576
49	0	599
50	0	622
51	0	645
52	0	668
53	0	691
54	0	714
55	0	737
56	0	760
57	0	784
58	0	808
59	0	833
60	0	858
61	0	883
62	0	908
63	0	934
64	0	960
65	0	980
66	0	1000
67	0	1020
68	0	1040
69	0	1062
70	0	1084
71	0	1106
72	0	1128
73	0	1149
74	0	1170
75	0	1192
76	0	1214
77	0	1237
78	0	1260
79	0	1282
80	0	1304
81	0	1328
82	0	1352
83	0	1376
84	0	1400
85	0	1424
86	0	1448
87	0	1472
88	0	1496
89	0	1520
90	0	1544
91	0	1568
92	0	1592
93	0	1616
94	0	1640
95	0	1664
96	0	1688
97	0	1718
98	0	1748
99	0	1778
100	0	1808
101	0	1838
102	0	1868
103	0	1898
104	0	1928
105	0	1958
106	0	1988
107	0	2018
108	0	2048
109	0	2078
110	0	2108
111	0	2139
112	0	2170
113	0	2201
114	0	2232
115	0	2263
116	0	2294
117	0	2327
118	0	2360
119	0	2392
120	0	2424
121	0	2456
122	0	2488
123	0	2521
124	0	2554
125	0	2587
126	0	2620
127	0	2654
128	0	2688
129	0	2715
130	0	2742
131	0	2769
132	0	2796
133	0	2824
134	0	2852
135	0	2879
136	0	2906
137	0	2936
138	0	2966
139	0	2996
140	0	3026
141	0	3055
142	0	3084
143	0	3114
144	0	3144
145	0	3172
146	0	3200
147	0	3229
148	0	3258
149	0	3288
150	0	3318
151	0	3347
152	0	3376
153	0	3407
154	0	3438
155	0	3469
156	0	3500
157	0	3529
158	0	3558
159	0	3588
160	0	3618
161	0	3650
162	0	3682
163	0	3714
164	0	3746
165	0	3778
166	0	3810
167	0	3841
168	0	3872
169	0	3904
170	0	3936
171	0	3968
172	0	4000
173	0	4032
174	0	4064
175	0	4096
176	0	4128
177	0	4160
178	0	4192
179	0	4224
180	0	4256
181	0	4288
182	0	4320
183	0	4352
184	0	4384
185	0	4416
186	0	4448
187	0	4480
188	0	4512
189	0	4544
190	0	4576
191	0	4608
192	0	4640
193	0	4678
194	0	4716
195	0	4754
196	0	4792
197	0	4830
198	0	4868
199	0	4906
200	0	4944
201	0	4982
202	0	5020
203	0	5058
204	0	5096
205	0	5134
206	0	5172
207	0	5210
208	0	5248
209	0	5286
210	0	5324
211	0	5363
212	0	5402
213	0	5440
214	0	5478
215	0	5516
216	0	5554
217	0	5592
218	0	5630
219	0	5668
220	0	5706
221	0	5746
222	0	5786
223	0	5825
224	0	5864
225	0	5903
226	0	5942
227	0	5981
228	0	6020
229	0	6060
230	0	6100
231	0	6139
232	0	6178
233	0	6219
234	0	6260
235	0	6302
236	0	6344
237	0	6384
238	0	6424
239	0	6464
240	0	6504
241	0	6545
242	0	6586
243	0	6626
244	0	6666
245	0	6707
246	0	6748
247	0	6790
248	0	6832
249	0	6873
250	0	6914
251	0	6956
252	0	6998
253	0	7040
254	0	7082
255	0	7125
256	0	7168
257	0	7203
258	0	7238
259	0	7273
260	0	7308
261	0	7344
262	0	7380
263	0	7415
264	0	7450
265	0	7487
266	0	7524
267	0	7560
268	0	7596
269	0	7632
270	0	7668
271	0	7703
272	0	7738
273	0	7777
274	0	7816
275	0	7854
276	0	7892
277	0	7931
278	0	7970
279	0	8009
280	0	8048
281	0	8085
282	0	8122
283	0	8160
284	0	8198
285	0	8236
286	0	8274
287	0	8313
288	0	8352
289	0	8389
290	0	8426
291	0	8462
292	0	8498
293	0	8536
294	0	8574
295	0	8611
296	0	8648
297	0	8687
298	0	8726
299	0	8765
300	0	8804
301	0	8841
302	0	8878
303	0	8916
304	0	8954
305	0	8994
306	0	9034
307	0	9074
308	0	9114
309	0	9153
310	0	9192
311	0	9232
312	0	9272
313	0	9310
314	0	9348
315	0	9385
316	0	9422
317	0	9461
318	0	9500
319	0	9539
320	0	9578
321	0	9619
322	0	9660
323	0	9701
324	0	9742
325	0	9782
326	0	9822
327	0	9863
328	0	9904
329	0	9945
330	0	9986
331	0	10027
332	0	10068
333	0	10108
334	0	10148
335	0	10187
336	0	10226
337	0	10267
338	0	10308
339	0	10349
340	0	10390
341	0	10431
342	0	10472
343	0	10513
344	0	10554
345	0	10595
346	0	10636
347	0	10677
348	0	10718
349	0	10758
350	0	10798
351	0	10839
352	0	10880
353	0	10921
354	0	10962
355	0	11003
356	0	11044
357	0	11085
358	0	11126
359	0	11167
360	0	11208
361	0	11249
362	0	11290
363	0	11331
364	0	11372
365	0	11413
366	0	11454
367	0	11495
368	0	11536
369	0	11577
370	0	11618
371	0	11659
372	0	11700
373	0	11741
374	0	11782
375	0	11823
376	0	11864
377	0	11905
378	0	11946
379	0	11987
380	0	12028
381	0	12069
382	0	12110
383	0	12151
384	0	12192
385	0	12239
386	0	12286
387	0	12333
388	0	12380
389	0	12427
390	0	12474
391	0	12521
392	0	12568
393	0	12615
394	0	12662
395	0	12709
396	0	12756
397	0	12803
398	0	12850
399	0	12897
400	0	12944
401	0	12991
402	0	13038
403	0	13085
404	0	13132
405	0	13180
406	0	13228
407	0	13275
408	0	13322
409	0	13369
410	0	13416
411	0	13463
412	0	13510
413	0	13557
414	0	13604
415	0	13651
416	0	13698
417	0	13745
418	0	13792
419	0	13839
420	0	13886
421	0	13935
422	0	13984
423	0	14032
424	0	14080
425	0	14127
426	0	14174
427	0	14221
428	0	14268
429	0	14315
430	0	14362
431	0	14410
432	0	14458
433	0	14505
434	0	14552
435	0	14599
436	0	14646
437	0	14693
438	0	14740
439	0	14787
440	0	14834
441	0	14884
442	0	14934
443	0	14983
444	0	15032
445	0	15080
446	0	15128
447	0	15176
448	0	15224
449	0	15273
450	0	15322
451	0	15370
452	0	15418
453	0	15466
454	0	15514
455	0	15562
456	0	15610
457	0	15660
458	0	15710
459	0	15759
460	0	15808
461	0	15856
462	0	15904
463	0	15953
464	0	16002
465	0	16052
466	0	16102
467	0	16152
468	0	16202
469	0	16253
470	0	16304
471	0	16356
472	0	16408
473	0	16457
474	0	16506
475	0	16555
476	0	16604
477	0	16654
478	0	16704
479	0	16753
480	0	16802
481	0	16853
482	0	16904
483	0	16954
484	0	17004
485	0	17053
486	0	17102
487	0	17152
488	0	17202
489	0	17252
490	0	17302
491	0	17352
492	0	17402
493	0	17454
494	0	17506
495	0	17557
496	0	17608
497	0	17659
498	0	17710
499	0	17760
500	0	17810
501	0	17861
502	0	17912
503	0	17964
504	0	18016
505	0	18067
506	0	18118
507	0	18170
508	0	18222
509	0	18274
510	0	18326
511	0	18379
512	0	18432
513	0	18476
514	0	18520
515	0	18564
516	0	18608
517	0	18653
518	0	18698
519	0	18742
520	0	18786
521	0	18832
522	0	18878
523	0	18923
524	0	18968
525	0	19013
526	0	19058
527	0	19102
528	0	19146
529	0	19193
530	0	19240
531	0	19286
532	0	19332
533	0	19378
534	0	19424
535	0	19469
536	0	19514
537	0	19560
538	0	19606
539	0	19651
540	0	19696
541	0	19741
542	0	19786
543	0	19830
544	0	19874
545	0	19923
546	0	19972
547	0	20020
548	0	20068
549	0	20116
550	0	20164
551	0	20211
552	0	20258
553	0	20307
554	0	20356
555	0	20405
556	0	20454
557	0	20502
558	0	20550
559	0	20599
560	0	20648
561	0	20694
562	0	20740
563	0	20787
564	0	20834
565	0	20881
566	0	20928
567	0	20976
568	0	21024
569	0	21072
570	0	21120
571	0	21167
572	0	21214
573	0	21263
574	0	21312
575	0	21360
576	0	21408
577	0	21455
578	0	21502
579	0	21549
580	0	21596
581	0	21641
582	0	21686
583	0	21732
584	0	21778
585	0	21826
586	0	21874
587	0	21921
588	0	21968
589	0	22015
590	0	22062
591	0	22108
592	0	22154
593	0	22203
594	0	22252
595	0	22301
596	0	22350
597	0	22398
598	0	22446
599	0	22495
600	0	22544
601	0	22591
602	0	22638
603	0	22684
604	0	22730
605	0	22778
606	0	22826
607	0	22874
608	0	22922
609	0	22972
610	0	23022
611	0	23071
612	0	23120
613	0	23170
614	0	23220
615	0	23270
616	0	23320
617	0	23368
618	0	23416
619	0	23465
620	0	23514
621	0	23564
622	0	23614
623	0	23664
624	0	23714
625	0	23761
626	0	23808
627	0	23856
628	0	23904
629	0	23951
630	0	23998
631	0	24044
632	0	24090
633	0	24139
634	0	24188
635	0	24237
636	0	24286
637	0	24335
638	0	24384
639	0	24433
640	0	24482
641	0	24532
642	0	24582
643	0	24633
644	0	24684
645	0	24735
646	0	24786
647	0	24837
648	0	24888
649	0	24937
650	0	24986
651	0	25036
652	0	25086
653	0	25137
654	0	25188
655	0	25239
656	0	25290
657	0	25341
658	0	25392
659	0	25442
660	0	25492
661	0	25543
662	0	25594
663	0	25645
664	0	25696
665	0	25746
666	0	25796
667	0	25846
668	0	25896
669	0	25944
670	0	25992
671	0	26041
672	0	26090
673	0	26141
674	0	26192
675	0	26243
676	0	26294
677	0	26345
678	0	26396
679	0	26447
680	0	26498
681	0	26549
682	0	26600
683	0	26650
684	0	26700
685	0	26751
686	0	26802
687	0	26853
688	0	26904
689	0	26955
690	0	27006
691	0	27057
692	0	27108
693	0	27159
694	0	27210
695	0	27261
696	0	27312
697	0	27362
698	0	27412
699	0	27461
700	0	27510
701	0	27561
702	0	27612
703	0	27663
704	0	27714
705	0	27765
706	0	27816
707	0	27867
708	0	27918
709	0	27969
710	0	28020
711	0	28071
712	0	28122
713	0	28173
714	0	28224
715	0	28275
716	0	28326
717	0	28377
718	0	28428
719	0	28479
720	0	28530
721	0	28581
722	0	28632
723	0	28682
724	0	28732
725	0	28783
726	0	28834
727	0	28885
728	0	28936
729	0	28987
730	0	29038
731	0	29089
732	0	29140
733	0	29191
734	0	29242
735	0	29293
736	0	29344
737	0	29395
738	0	29446
739	0	29497
740	0	29548
741	0	29599
742	0	29650
743	0	29701
744	0	29752
745	0	29803
746	0	29854
747	0	29905
748	0	29956
749	0	30007
750	0	30058
751	0	30109
752	0	30160
753	0	30211
754	0	30262
755	0	30313
756	0	30364
757	0	30415
758	0	30466
759	0	30517
760	0	30568
761	0	30619
762	0	30670
763	0	30721
764	0	30772
765	0	30823
766	0	30874
767	0	30925
768	0	30976
769	0	31033
770	0	31090
771	0	31147
772	0	31204
773	0	31261
774	0	31318
775	0	31375
776	0	31432
777	0	31489
778	0	31546
779	0	31603
780	0	31660
781	0	31717
782	0	31774
783	0	31831
784	0	31888
785	0	31946
786	0	32004
787	0	32061
788	0	32118
789	0	32175
790	0	32232
791	0	32289
792	0	32346
793	0	32403
794	0	32460
795	0	32517
796	0	32574
797	0	32631
798	0	32688
799	0	32745
800	0	32802
801	0	32859
802	0	32916
803	0	32973
804	0	33030
805	0	33087
806	0	33144
807	0	33201
808	0	33258
809	0	33317
810	0	33376
811	0	33434
812	0	33492
813	0	33549
814	0	33606
815	0	33663
816	0	33720
817	0	33777
818	0	33834
819	0	33891
820	0	33948
821	0	34005
822	0	34062
823	0	34119
824	0	34176
825	0	34233
826	0	34290
827	0	34348
828	0	34406
829	0	34463
830	0	34520
831	0	34577
832	0	34634
833	0	34691
834	0	34748
835	0	34805
836	0	34862
837	0	34919
838	0	34976
839	0	35033
840	0	35090
841	0	35150
842	0	35210
843	0	35269
844	0	35328
845	0	35386
846	0	35444
847	0	35502
848	0	35560
849	0	35617
850	0	35674
851	0	35731
852	0	35788
853	0	35846
854	0	35904
855	0	35961
856	0	36018
857	0	36075
858	0	36132
859	0	36189
860	0	36246
861	0	36304
862	0	36362
863	0	36421
864	0	36480
865	0	36537
866	0	36594
867	0	36651
868	0	36708
869	0	36765
870	0	36822
871	0	36879
872	0	36936
873	0	36994
874	0	37052
875	0	37109
876	0	37166
877	0	37223
878	0	37280
879	0	37337
880	0	37394
881	0	37455
882	0	37516
883	0	37576
884	0	37636
885	0	37695
886	0	37754
887	0	37813
888	0	37872
889	0	37930
890	0	37988
891	0	38047
892	0	38106
893	0	38164
894	0	38222
895	0	38280
896	0	38338
897	0	38397
898	0	38456
899	0	38516
900	0	38576
901	0	38634
902	0	38692
903	0	38750
904	0	38808
905	0	38866
906	0	38924
907	0	38983
908	0	39042
909	0	39100
910	0	39158
911	0	39216
912	0	39274
913	0	39335
914	0	39396
915	0	39456
916	0	39516
917	0	39575
918	0	39634
919	0	39693
920	0	39752
921	0	39811
922	0	39870
923	0	39928
924	0	39986
925	0	40045
926	0	40104
927	0	40164
928	0	40224
929	0	40284
930	0	40344
931	0	40404
932	0	40464
933	0	40525
934	0	40586
935	0	40646
936	0	40706
937	0	40767
938	0	40828
939	0	40889
940	0	40950
941	0	41013
942	0	41076
943	0	41138
944	0	41200
945	0	41259
946	0	41318
947	0	41378
948	0	41438
949	0	41497
950	0	41556
951	0	41615
952	0	41674
953	0	41735
954	0	41796
955	0	41856
956	0	41916
957	0	41975
958	0	42034
959	0	42094
960	0	42154
961	0	42215
962	0	42276
963	0	42338
964	0	42400
965	0	42460
966	0	42520
967	0	42580
968	0	42640
969	0	42700
970	0	42760
971	0	42819
972	0	42878
973	0	42938
974	0	42998
975	0	43059
976	0	43120
977	0	43180
978	0	43240
979	0	43300
980	0	43360
981	0	43421
982	0	43482
983	0	43542
984	0	43602
985	0	43665
986	0	43728
987	0	43790
988	0	43852
989	0	43913
990	0	43974
991	0	44036
992	0	44098
993	0	44159
994	0	44220
995	0	44282
996	0	44344
997	0	44404
998	0	44464
999	0	44524
1000	0	44584
1001	0	44646
1002	0	44708
1003	0	44769
1004	0	44830
1005	0	44893
1006	0	44956
1007	0	45018
1008	0	45080
1009	0	45141
1010	0	45202
1011	0	45264
1012	0	45326
1013	0	45388
1014	0	45450
1015	0	45513
1016	0	45576
1017	0	45638
1018	0	45700
1019	0	45763
1020	0	45826
1021	0	45889
1022	0	45952
1023	0	46016
1024	0	46080
1025	0	46134
1026	0	46188
1027	0	46242
1028	0	46296
1029	0	46351
1030	0	46406
1031	0	46460
1032	0	46514
1033	0	46570
1034	0	46626
1035	0	46681
1036	0	46736
1037	0	46791
1038	0	46846
1039	0	46900
1040	0	46954
1041	0	47011
1042	0	47068
1043	0	47124
1044	0	47180
1045	0	47236
1046	0	47292
1047	0	47347
1048	0	47402
1049	0	47457
1050	0	47512
1051	0	47568
1052	0	47624
1053	0	47678
1054	0	47732
1055	0	47787
1056	0	47842
1057	0	47899
1058	0	47956
1059	0	48014
1060	0	48072
1061	0	48128
1062	0	48184
1063	0	48241
1064	0	48298
1065	0	48354
1066	0	48410
1067	0	48467
1068	0	48524
1069	0	48579
1070	0	48634
1071	0	48690
1072	0	48746
1073	0	48802
1074	0	48858
1075	0	48915
1076	0	48972
1077	0	49027
1078	0	49082
1079	0	49138
1080	0	49194
1081	0	49250
1082	0	49306
1083	0	49361
1084	0	49416
1085	0	49471
1086	0	49526
1087	0	49580
1088	0	49634
1089	0	49694
1090	0	49754
1091	0	49813
1092	0	49872
1093	0	49931
1094	0	49990
1095	0	50048
1096	0	50106
1097	0	50165
1098	0	50224
1099	0	50282
1100	0	50340
1101	0	50398
1102	0	50456
1103	0	50513
1104	0	50570
1105	0	50630
1106	0	50690
1107	0	50750
1108	0	50810
1109	0	50869
1110	0	50928
1111	0	50988
1112	0	51048
1113	0	51106
1114	0	51164
1115	0	51223
1116	0	51282
1117	0	51341
1118	0	51400
1119	0	51460
1120	0	51520
1121	0	51576
1122	0	51632
1123	0	51689
1124	0	51746
1125	0	51804
1126	0	51862
1127	0	51919
1128	0	51976
1129	0	52034
1130	0	52092
1131	0	52149
1132	0	52206
1133	0	52265
1134	0	52324
1135	0	52383
1136	0	52442
1137	0	52500
1138	0	52558
1139	0	52617
1140	0	52676
1141	0	52733
1142	0	52790
1143	0	52848
1144	0	52906
1145	0	52966
1146	0	53026
1147	0	53085
1148	0	53144
1149	0	53203
1150	0	53262
1151	0	53320
1152	0	53378
1153	0	53436
1154	0	53494
1155	0	53552
1156	0	53610
1157	0	53667
1158	0	53724
1159	0	53782
1160	0	53840
1161	0	53895
1162	0	53950
1163	0	54006
1164	0	54062
1165	0	54119
1166	0	54176
1167	0	54232
1168	0	54288
1169	0	54347
1170	0	54406
1171	0	54465
1172	0	54524
1173	0	54581
1174	0	54638
1175	0	54696
1176	0	54754
1177	0	54812
1178	0	54870
1179	0	54927
1180	0	54984
1181	0	55041
1182	0	55098
1183	0	55154
1184	0	55210
1185	0	55270
1186	0	55330
1187	0	55390
1188	0	55450
1189	0	55509
1190	0	55568
1191	0	55628
1192	0	55688
1193	0	55747
1194	0	55806
1195	0	55864
1196	0	55922
1197	0	55982
1198	0	56042
1199	0	56102
1200	0	56162
1201	0	56219
1202	0	56276
1203	0	56334
1204	0	56392
1205	0	56449
1206	0	56506
1207	0	56562
1208	0	56618
1209	0	56677
1210	0	56736
1211	0	56795
1212	0	56854
1213	0	56913
1214	0	56972
1215	0	57030
1216	0	57088
1217	0	57149
1218	0	57210
1219	0	57271
1220	0	57332
1221	0	57391
1222	0	57450
1223	0	57510
1224	0	57570
1225	0	57631
1226	0	57692
1227	0	57752
1228	0	57812
1229	0	57873
1230	0	57934
1231	0	57995
1232	0	58056
1233	0	58115
1234	0	58174
1235	0	58232
1236	0	58290
1237	0	58350
1238	0	58410
1239	0	58470
1240	0	58530
1241	0	58590
1242	0	58650
1243	0	58711
1244	0	58772
1245	0	58833
1246	0	58894
1247	0	58955
1248	0	59016
1249	0	59073
1250	0	59130
1251	0	59188
1252	0	59246
1253	0	59305
1254	0	59364
1255	0	59423
1256	0	59482
1257	0	59539
1258	0	59596
1259	0	59654
1260	0	59712
1261	0	59769
1262	0	59826
1263	0	59882
1264	0	59938
1265	0	59998
1266	0	60058
1267	0	60118
1268	0	60178
1269	0	60238
1270	0	60298
1271	0	60357
1272	0	60416
1273	0	60476
1274	0	60536
1275	0	60596
1276	0	60656
1277	0	60716
1278	0	60776
1279	0	60836
1280	0	60896
1281	0	60956
1282	0	61016
1283	0	61077
1284	0	61138
1285	0	61200
1286	0	61262
1287	0	61324
1288	0	61386
1289	0	61447
1290	0	61508
1291	0	61570
1292	0	61632
1293	0	61694
1294	0	61756
1295	0	61818
1296	0	61880
1297	0	61940
1298	0	62000
1299	0	62059
1300	0	62118
1301	0	62179
1302	0	62240
1303	0	62301
1304	0	62362
1305	0	62424
1306	0	62486
1307	0	62547
1308	0	62608
1309	0	62670
1310	0	62732
1311	0	62794
1312	0	62856
1313	0	62918
1314	0	62980
1315	0	63042
1316	0	63104
1317	0	63164
1318	0	63224
1319	0	63285
1320	0	63346
1321	0	63408
1322	0	63470
1323	0	63532
1324	0	63594
1325	0	63656
1326	0	63718
1327	0	63780
1328	0	63842
1329	0	63902
1330	0	63962
1331	0	64023
1332	0	64084
1333	0	64145
1334	0	64206
1335	0	64267
1336	0	64328
1337	0	64387
1338	0	64446
1339	0	64504
1340	0	64562
1341	0	64622
1342	0	64682
1343	0	64742
1344	0	64802
1345	0	64864
1346	0	64926
1347	0	64988
1348	0	65050
1349	0	65112
1350	0	65174
1351	0	65235
1352	0	65296
1353	0	65358
1354	0	65420
1355	0	65482
1356	0	65544
1357	0	65606
1358	0	65668
1359	0	65730
1360	0	65792
1361	0	65854
1362	0	65916
1363	0	65978
1364	0	66040
1365	0	66100
1366	0	66160
1367	0	66221
1368	0	66282
1369	0	66344
1370	0	66406
1371	0	66468
1372	0	66530
1373	0	66592
1374	0	66654
1375	0	66716
1376	0	66778
1377	0	66840
1378	0	66902
1379	0	66964
1380	0	67026
1381	0	67087
1382	0	67148
1383	0	67210
1384	0	67272
1385	0	67334
1386	0	67396
1387	0	67458
1388	0	67520
1389	0	67582
1390	0	67644
1391	0	67706
1392	0	67768
1393	0	67829
1394	0	67890
1395	0	67951
1396	0	68012
1397	0	68071
1398	0	68130
1399	0	68190
1400	0	68250
1401	0	68312
1402	0	68374
1403	0	68436
1404	0	68498
1405	0	68560
1406	0	68622
1407	0	68684
1408	0	68746
1409	0	68808
1410	0	68870
1411	0	68932
1412	0	68994
1413	0	69056
1414	0	69118
1415	0	69180
1416	0	69242
1417	0	69303
1418	0	69364
1419	0	69426
1420	0	69488
1421	0	69550
1422	0	69612
1423	0	69674
1424	0	69736
1425	0	69798
1426	0	69860
1427	0	69922
1428	0	69984
1429	0	70046
1430	0	70108
1431	0	70170
1432	0	70232
1433	0	70294
1434	0	70356
1435	0	70418
1436	0	70480
1437	0	70542
1438	0	70604
1439	0	70666
1440	0	70728
1441	0	70790
1442	0	70852
1443	0	70914
1444	0	70976
1445	0	71036
1446	0	71096
1447	0	71157
1448	0	71218
1449	0	71280
1450	0	71342
1451	0	71404
1452	0	71466
1453	0	71528
1454	0	71590
1455	0	71652
1456	0	71714
1457	0	71776
1458	0	71838
1459	0	71900
1460	0	71962
1461	0	72024
1462	0	72086
1463	0	72148
1464	0	72210
1465	0	72272
1466	0	72334
1467	0	72396
1468	0	72458
1469	0	72520
1470	0	72582
1471	0	72644
1472	0	72706
1473	0	72768
1474	0	72830
1475	0	72892
1476	0	72954
1477	0	73016
1478	0	73078
1479	0	73140
1480	0	73202
1481	0	73264
1482	0	73326
1483	0	73388
1484	0	73450
1485	0	73512
1486	0	73574
1487	0	73636
1488	0	73698
1489	0	73760
1490	0	73822
1491	0	73884
1492	0	73946
1493	0	74008
1494	0	74070
1495	0	74132
1496	0	74194
1497	0	74256
1498	0	74318
1499	0	74380
1500	0	74442
1501	0	74504
1502	0	74566
1503	0	74628
1504	0	74690
1505	0	74752
1506	0	74814
1507	0	74876
1508	0	74938
1509	0	75000
1510	0	75062
1511	0	75124
1512	0	75186
1513	0	75248
1514	0	75310
1515	0	75372
1516	0	75434
1517	0	75496
1518	0	75558
1519	0	75620
1520	0	75682
1521	0	75744
1522	0	75806
1523	0	75868
1524	0	75930
1525	0	75992
1526	0	76054
1527	0	76116
1528	0	76178
1529	0	76240
1530	0	76302
1531	0	76364
1532	0	76426
1533	0	76488
1534	0	76550
1535	0	76612
1536	0	76674
1537	0	76742
1538	0	76810
1539	0	76878
1540	0	76946
1541	0	77014
1542	0	77082
1543	0	77150
1544	0	77218
1545	0	77286
1546	0	77354
1547	0	77422
1548	0	77490
1549	0	77558
1550	0	77626
1551	0	77694
1552	0	77762
1553	0	77830
1554	0	77898
1555	0	77966
1556	0	78034
1557	0	78102
1558	0	78170
1559	0	78238
1560	0	78306
1561	0	78374
1562	0	78442
1563	0	78510
1564	0	78578
1565	0	78646
1566	0	78714
1567	0	78782
1568	0	78850
1569	0	78919
1570	0	78988
1571	0	79058
1572	0	79128
1573	0	79196
1574	0	79264
1575	0	79332
1576	0	79400
1577	0	79468
1578	0	79536
1579	0	79604
1580	0	79672
1581	0	79740
1582	0	79808
1583	0	79876
1584	0	79944
1585	0	80012
1586	0	80080
1587	0	80148
1588	0	80216
1589	0	80284
1590	0	80352
1591	0	80420
1592	0	80488
1593	0	80556
1594	0	80624
1595	0	80692
1596	0	80760
1597	0	80828
1598	0	80896
1599	0	80965
1600	0	81034
1601	0	81102
1602	0	81170
1603	0	81238
1604	0	81306
1605	0	81374
1606	0	81442
1607	0	81510
1608	0	81578
1609	0	81646
1610	0	81714
1611	0	81782
1612	0	81850
1613	0	81918
1614	0	81986
1615	0	82054
1616	0	82122
1617	0	82192
1618	0	82262
1619	0	82333
1620	0	82404
1621	0	82473
1622	0	82542
1623	0	82611
1624	0	82680
1625	0	82748
1626	0	82816
1627	0	82884
1628	0	82952
1629	0	83020
1630	0	83088
1631	0	83156
1632	0	83224
1633	0	83292
1634	0	83360
1635	0	83428
1636	0	83496
1637	0	83565
1638	0	83634
1639	0	83702
1640	0	83770
1641	0	83838
1642	0	83906
1643	0	83974
1644	0	84042
1645	0	84110
1646	0	84178
1647	0	84246
1648	0	84314
1649	0	84382
1650	0	84450
1651	0	84518
1652	0	84586
1653	0	84656
1654	0	84726
1655	0	84795
1656	0	84864
1657	0	84932
1658	0	85000
1659	0	85068
1660	0	85136
1661	0	85204
1662	0	85272
1663	0	85340
1664	0	85408
1665	0	85476
1666	0	85544
1667	0	85613
1668	0	85682
1669	0	85750
1670	0	85818
1671	0	85886
1672	0	85954
1673	0	86022
1674	0	86090
1675	0	86158
1676	0	86226
1677	0	86294
1678	0	86362
1679	0	86430
1680	0	86498
1681	0	86570
1682	0	86642
1683	0	86713
1684	0	86784
1685	0	86854
1686	0	86924
1687	0	86994
1688	0	87064
1689	0	87133
1690	0	87202
1691	0	87271
1692	0	87340
1693	0	87410
1694	0	87480
1695	0	87549
1696	0	87618
1697	0	87686
1698	0	87754
1699	0	87822
1700	0	87890
1701	0	87958
1702	0	88026
1703	0	88094
1704	0	88162
1705	0	88232
1706	0	88302
1707	0	88371
1708	0	88440
1709	0	88508
1710	0	88576
1711	0	88644
1712	0	88712
1713	0	88780
1714	0	88848
1715	0	88917
1716	0	88986
1717	0	89054
1718	0	89122
1719	0	89190
1720	0	89258
1721	0	89327
1722	0	89396
1723	0	89465
1724	0	89534
1725	0	89605
1726	0	89676
1727	0	89746
1728	0	89816
1729	0	89884
1730	0	89952
1731	0	90020
1732	0	90088
1733	0	90156
1734	0	90224
1735	0	90293
1736	0	90362
1737	0	90430
1738	0	90498
1739	0	90566
1740	0	90634
1741	0	90702
1742	0	90770
1743	0	90838
1744	0	90906
1745	0	90976
1746	0	91046
1747	0	91115
1748	0	91184
1749	0	91252
1750	0	91320
1751	0	91388
1752	0	91456
1753	0	91524
1754	0	91592
1755	0	91661
1756	0	91730
1757	0	91798
1758	0	91866
1759	0	91934
1760	0	92002
1761	0	92074
1762	0	92146
1763	0	92219
1764	0	92292
1765	0	92363
1766	0	92434
1767	0	92505
1768	0	92576
1769	0	92646
1770	0	92716
1771	0	92786
1772	0	92856
1773	0	92927
1774	0	92998
1775	0	93068
1776	0	93138
1777	0	93207
1778	0	93276
1779	0	93345
1780	0	93414
1781	0	93485
1782	0	93556
1783	0	93626
1784	0	93696
1785	0	93765
1786	0	93834
1787	0	93903
1788	0	93972
1789	0	94042
1790	0	94112
1791	0	94181
1792	0	94250
1793	0	94320
1794	0	94390
1795	0	94460
1796	0	94530
1797	0	94602
1798	0	94674
1799	0	94745
1800	0	94816
1801	0	94885
1802	0	94954
1803	0	95023
1804	0	95092
1805	0	95162
1806	0	95232
1807	0	95301
1808	0	95370
1809	0	95439
1810	0	95508
1811	0	95577
1812	0	95646
1813	0	95717
1814	0	95788
1815	0	95858
1816	0	95928
1817	0	95997
1818	0	96066
1819	0	96136
1820	0	96206
1821	0	96275
1822	0	96344
1823	0	96413
1824	0	96482
1825	0	96554
1826	0	96626
1827	0	96699
1828	0	96772
1829	0	96843
1830	0	96914
1831	0	96985
1832	0	97056
1833	0	97126
1834	0	97196
1835	0	97267
1836	0	97338
1837	0	97408
1838	0	97478
1839	0	97548
1840	0	97618
1841	0	97689
1842	0	97760
1843	0	97830
1844	0	97900
1845	0	97969
1846	0	98038
1847	0	98108
1848	0	98178
1849	0	98248
1850	0	98318
1851	0	98388
1852	0	98458
1853	0	98529
1854	0	98600
1855	0	98672
1856	0	98744
1857	0	98815
1858	0	98886
1859	0	98957
1860	0	99028
1861	0	99100
1862	0	99172
1863	0	99243
1864	0	99314
1865	0	99386
1866	0	99458
1867	0	99531
1868	0	99604
1869	0	99675
1870	0	99746
1871	0	99817
1872	0	99888
1873	0	99960
1874	0	100032
1875	0	100105
1876	0	100178
1877	0	100250
1878	0	100322
1879	0	100394
1880	0	100466
1881	0	100541
1882	0	100616
1883	0	100690
1884	0	100764
1885	0	100837
1886	0	100910
1887	0	100984
1888	0	101058
1889	0	101128
1890	0	101198
1891	0	101268
1892	0	101338
1893	0	101410
1894	0	101482
1895	0	101553
1896	0	101624
1897	0	101694
1898	0	101764
1899	0	101835
1900	0	101906
1901	0	101976
1902	0	102046
1903	0	102116
1904	0	102186
1905	0	102259
1906	0	102332
1907	0	102404
1908	0	102476
1909	0	102547
1910	0	102618
1911	0	102690
1912	0	102762
1913	0	102832
1914	0	102902
1915	0	102972
1916	0	103042
1917	0	103114
1918	0	103186
1919	0	103257
1920	0	103328
1921	0	103400
1922	0	103472
1923	0	103545
1924	0	103618
1925	0	103691
1926	0	103764
1927	0	103838
1928	0	103912
1929	0	103983
1930	0	104054
1931	0	104125
1932	0	104196
1933	0	104268
1934	0	104340
1935	0	104411
1936	0	104482
1937	0	104553
1938	0	104624
1939	0	104696
1940	0	104768
1941	0	104838
1942	0	104908
1943	0	104978
1944	0	105048
1945	0	105120
1946	0	105192
1947	0	105263
1948	0	105334
1949	0	105407
1950	0	105480
1951	0	105552
1952	0	105624
1953	0	105695
1954	0	105766
1955	0	105838
1956	0	105910
1957	0	105981
1958	0	106052
1959	0	106123
1960	0	106194
1961	0	106267
1962	0	106340
1963	0	106412
1964	0	106484
1965	0	106556
1966	0	106628
1967	0	106699
1968	0	106770
1969	0	106844
1970	0	106918
1971	0	106993
1972	0	107068
1973	0	107141
1974	0	107214
1975	0	107287
1976	0	107360
1977	0	107433
1978	0	107506
1979	0	107578
1980	0	107650
1981	0	107724
1982	0	107798
1983	0	107871
1984	0	107944
1985	0	108016
1986	0	108088
1987	0	108161
1988	0	108234
1989	0	108307
1990	0	108380
1991	0	108454
1992	0	108528
1993	0	108599
1994	0	108670
1995	0	108741
1996	0	108812
1997	0	108884
1998	0	108956
1999	0	109027
2000	0	109098
2001	0	109172
2002	0	109246
2003	0	109319
2004	0	109392
2005	0	109465
2006	0	109538
2007	0	109610
2008	0	109682
2009	0	109756
2010	0	109830
2011	0	109905
2012	0	109980
2013	0	110053
2014	0	110126
2015	0	110200
2016	0	110274
2017	0	110346
2018	0	110418
2019	0	110490
2020	0	110562
2021	0	110636
2022	0	110710
2023	0	110783
2024	0	110856
2025	0	110930
2026	0	111004
2027	0	111077
2028	0	111150
2029	0	111225
2030	0	111300
2031	0	111374
2032	0	111448
2033	0	111521
2034	0	111594
2035	0	111668
2036	0	111742
2037	0	111816
2038	0	111890
2039	0	111965
2040	0	112040
2041	0	112114
2042	0	112188
2043	0	112263
2044	0	112338
2045	0	112413
2046	0	112488
2047	0	112564
2048	0	112640
2049	0	112705
2050	0	112770
2051	0	112835
2052	0	112900
2053	0	112966
2054	0	113032
2055	0	113097
2056	0	113162
2057	0	113229
2058	0	113296
2059	0	113362
2060	0	113428
2061	0	113494
2062	0	113560
2063	0	113625
2064	0	113690
2065	0	113758
2066	0	113826
2067	0	113893
2068	0	113960
2069	0	114026
2070	0	114092
2071	0	114159
2072	0	114226
2073	0	114292
2074	0	114358
2075	0	114425
2076	0	114492
2077	0	114557
2078	0	114622
2079	0	114688
2080	0	114754
2081	0	114822
2082	0	114890
2083	0	114959
2084	0	115028
2085	0	115095
2086	0	115162
2087	0	115230
2088	0	115298
2089	0	115365
2090	0	115432
2091	0	115500
2092	0	115568
2093	0	115634
2094	0	115700
2095	0	115767
2096	0	115834
2097	0	115900
2098	0	115966
2099	0	116032
2100	0	116098
2101	0	116166
2102	0	116234
2103	0	116301
2104	0	116368
2105	0	116434
2106	0	116500
2107	0	116565
2108	0	116630
2109	0	116697
2110	0	116764
2111	0	116830
2112	0	116896
2113	0	116965
2114	0	117034
2115	0	117102
2116	0	117170
2117	0	117240
2118	0	117310
2119	0	117379
2120	0	117448
2121	0	117516
2122	0	117584
2123	0	117651
2124	0	117718
2125	0	117787
2126	0	117856
2127	0	117924
2128	0	117992
2129	0	118060
2130	0	118128
2131	0	118195
2132	0	118262
2133	0	118331
2134	0	118400
2135	0	118468
2136	0	118536
2137	0	118603
2138	0	118670
2139	0	118736
2140	0	118802
2141	0	118870
2142	0	118938
2143	0	119005
2144	0	119072
2145	0	119140
2146	0	119208
2147	0	119275
2148	0	119342
2149	0	119411
2150	0	119480
2151	0	119548
2152	0	119616
2153	0	119683
2154	0	119750
2155	0	119816
2156	0	119882
2157	0	119950
2158	0	120018
2159	0	120085
2160	0	120152
2161	0	120220
2162	0	120288
2163	0	120356
2164	0	120424
2165	0	120490
2166	0	120556
2167	0	120623
2168	0	120690
2169	0	120756
2170	0	120822
2171	0	120889
2172	0	120956
2173	0	121021
2174	0	121086
2175	0	121152
2176	0	121218
2177	0	121289
2178	0	121360
2179	0	121432
2180	0	121504
2181	0	121574
2182	0	121644
2183	0	121715
2184	0	121786
2185	0	121856
2186	0	121926
2187	0	121997
2188	0	122068
2189	0	122137
2190	0	122206
2191	0	122276
2192	0	122346
2193	0	122416
2194	0	122486
2195	0	122557
2196	0	122628
2197	0	122698
2198	0	122768
2199	0	122837
2200	0	122906
2201	0	122976
2202	0	123046
2203	0	123115
2204	0	123184
2205	0	123253
2206	0	123322
2207	0	123390
2208	0	123458
2209	0	123530
2210	0	123602
2211	0	123673
2212	0	123744
2213	0	123816
2214	0	123888
2215	0	123960
2216	0	124032
2217	0	124102
2218	0	124172
2219	0	124243
2220	0	124314
2221	0	124385
2222	0	124456
2223	0	124528
2224	0	124600
2225	0	124669
2226	0	124738
2227	0	124808
2228	0	124878
2229	0	124948
2230	0	125018
2231	0	125089
2232	0	125160
2233	0	125231
2234	0	125302
2235	0	125372
2236	0	125442
2237	0	125514
2238	0	125586
2239	0	125657
2240	0	125728
2241	0	125796
2242	0	125864
2243	0	125931
2244	0	125998
2245	0	126067
2246	0	126136
2247	0	126205
2248	0	126274
2249	0	126343
2250	0	126412
2251	0	126482
2252	0	126552
2253	0	126620
2254	0	126688
2255	0	126757
2256	0	126826
2257	0	126895
2258	0	126964
2259	0	127034
2260	0	127104
2261	0	127173
2262	0	127242
2263	0	127310
2264	0	127378
2265	0	127449
2266	0	127520
2267	0	127590
2268	0	127660
2269	0	127731
2270	0	127802
2271	0	127873
2272	0	127944
2273	0	128013
2274	0	128082
2275	0	128152
2276	0	128222
2277	0	128292
2278	0	128362
2279	0	128433
2280	0	128504
2281	0	128573
2282	0	128642
2283	0	128710
2284	0	128778
2285	0	128848
2286	0	128918
2287	0	128987
2288	0	129056
2289	0	129128
2290	0	129200
2291	0	129272
2292	0	129344
2293	0	129414
2294	0	129484
2295	0	129555
2296	0	129626
2297	0	129696
2298	0	129766
2299	0	129837
2300	0	129908
2301	0	129978
2302	0	130048
2303	0	130117
2304	0	130186
2305	0	130256
2306	0	130326
2307	0	130395
2308	0	130464
2309	0	130534
2310	0	130604
2311	0	130674
2312	0	130744
2313	0	130812
2314	0	130880
2315	0	130949
2316	0	131018
2317	0	131088
2318	0	131158
2319	0	131227
2320	0	131296
2321	0	131363
2322	0	131430
2323	0	131496
2324	0	131562
2325	0	131630
2326	0	131698
2327	0	131766
2328	0	131834
2329	0	131902
2330	0	131970
2331	0	132039
2332	0	132108
2333	0	132176
2334	0	132244
2335	0	132311
2336	0	132378
2337	0	132449
2338	0	132520
2339	0	132590
2340	0	132660
2341	0	132731
2342	0	132802
2343	0	132873
2344	0	132944
2345	0	133012
2346	0	133080
2347	0	133149
2348	0	133218
2349	0	133288
2350	0	133358
2351	0	133427
2352	0	133496
2353	0	133566
2354	0	133636
2355	0	133706
2356	0	133776
2357	0	133844
2358	0	133912
2359	0	133981
2360	0	134050
2361	0	134119
2362	0	134188
2363	0	134256
2364	0	134324
2365	0	134392
2366	0	134460
2367	0	134527
2368	0	134594
2369	0	134666
2370	0	134738
2371	0	134810
2372	0	134882
2373	0	134953
2374	0	135024
2375	0	135096
2376	0	135168
2377	0	135239
2378	0	135310
2379	0	135380
2380	0	135450
2381	0	135522
2382	0	135594
2383	0	135666
2384	0	135738
2385	0	135808
2386	0	135878
2387	0	135949
2388	0	136020
2389	0	136090
2390	0	136160
2391	0	136229
2392	0	136298
2393	0	136370
2394	0	136442
2395	0	136514
2396	0	136586
2397	0	136657
2398	0	136728
2399	0	136800
2400	0	136872
2401	0	136941
2402	0	137010
2403	0	137078
2404	0	137146
2405	0	137216
2406	0	137286
2407	0	137356
2408	0	137426
2409	0	137494
2410	0	137562
2411	0	137631
2412	0	137700
2413	0	137768
2414	0	137836
2415	0	137903
2416	0	137970
2417	0	138041
2418	0	138112
2419	0	138183
2420	0	138254
2421	0	138325
2422	0	138396
2423	0	138466
2424	0	138536
2425	0	138607
2426	0	138678
2427	0	138749
2428	0	138820
2429	0	138889
2430	0	138958
2431	0	139028
2432	0	139098
2433	0	139171
2434	0	139244
2435	0	139316
2436	0	139388
2437	0	139461
2438	0	139534
2439	0	139607
2440	0	139680
2441	0	139750
2442	0	139820
2443	0	139891
2444	0	139962
2445	0	140034
2446	0	140106
2447	0	140178
2448	0	140250
2449	0	140322
2450	0	140394
2451	0	140467
2452	0	140540
2453	0	140612
2454	0	140684
2455	0	140755
2456	0	140826
2457	0	140899
2458	0	140972
2459	0	141045
2460	0	141118
2461	0	141190
2462	0	141262
2463	0	141335
2464	0	141408
2465	0	141479
2466	0	141550
2467	0	141621
2468	0	141692
2469	0	141761
2470	0	141830
2471	0	141900
2472	0	141970
2473	0	142042
2474	0	142114
2475	0	142185
2476	0	142256
2477	0	142328
2478	0	142400
2479	0	142472
2480	0	142544
2481	0	142616
2482	0	142688
2483	0	142759
2484	0	142830
2485	0	142903
2486	0	142976
2487	0	143049
2488	0	143122
2489	0	143195
2490	0	143268
2491	0	143340
2492	0	143412
2493	0	143485
2494	0	143558
2495	0	143631
2496	0	143704
2497	0	143772
2498	0	143840
2499	0	143909
2500	0	143978
2501	0	144048
2502	0	144118
2503	0	144188
2504	0	144258
2505	0	144328
2506	0	144398
2507	0	144469
2508	0	144540
2509	0	144611
2510	0	144682
2511	0	144753
2512	0	144824
2513	0	144892
2514	0	144960
2515	0	145029
2516	0	145098
2517	0	145168
2518	0	145238
2519	0	145308
2520	0	145378
2521	0	145446
2522	0	145514
2523	0	145583
2524	0	145652
2525	0	145720
2526	0	145788
2527	0	145855
2528	0	145922
2529	0	145994
2530	0	146066
2531	0	146138
2532	0	146210
2533	0	146282
2534	0	146354
2535	0	146425
2536	0	146496
2537	0	146568
2538	0	146640
2539	0	146712
2540	0	146784
2541	0	146855
2542	0	146926
2543	0	146996
2544	0	147066
2545	0	147138
2546	0	147210
2547	0	147282
2548	0	147354
2549	0	147426
2550	0	147498
2551	0	147570
2552	0	147642
2553	0	147713
2554	0	147784
2555	0	147856
2556	0	147928
2557	0	148000
2558	0	148072
2559	0	148144
2560	0	148216
2561	0	148287
2562	0	148358
2563	0	148430
2564	0	148502
2565	0	148575
2566	0	148648
2567	0	148721
2568	0	148794
2569	0	148867
2570	0	148940
2571	0	149014
2572	0	149088
2573	0	149162
2574	0	149236
2575	0	149310
2576	0	149384
2577	0	149456
2578	0	149528
2579	0	149601
2580	0	149674
2581	0	149748
2582	0	149822
2583	0	149896
2584	0	149970
2585	0	150044
2586	0	150118
2587	0	150191
2588	0	150264
2589	0	150338
2590	0	150412
2591	0	150486
2592	0	150560
2593	0	150632
2594	0	150704
2595	0	150776
2596	0	150848
2597	0	150918
2598	0	150988
2599	0	151059
2600	0	151130
2601	0	151203
2602	0	151276
2603	0	151349
2604	0	151422
2605	0	151494
2606	0	151566
2607	0	151639
2608	0	151712
2609	0	151786
2610	0	151860
2611	0	151934
2612	0	152008
2613	0	152081
2614	0	152154
2615	0	152226
2616	0	152298
2617	0	152372
2618	0	152446
2619	0	152520
2620	0	152594
2621	0	152668
2622	0	152742
2623	0	152816
2624	0	152890
2625	0	152963
2626	0	153036
2627	0	153110
2628	0	153184
2629	0	153258
2630	0	153332
2631	0	153406
2632	0	153480
2633	0	153552
2634	0	153624
2635	0	153695
2636	0	153766
2637	0	153839
2638	0	153912
2639	0	153985
2640	0	154058
2641	0	154132
2642	0	154206
2643	0	154280
2644	0	154354
2645	0	154427
2646	0	154500
2647	0	154574
2648	0	154648
2649	0	154722
2650	0	154796
2651	0	154870
2652	0	154944
2653	0	155018
2654	0	155092
2655	0	155166
2656	0	155240
2657	0	155311
2658	0	155382
2659	0	155454
2660	0	155526
2661	0	155599
2662	0	155672
2663	0	155745
2664	0	155818
2665	0	155891
2666	0	155964
2667	0	156036
2668	0	156108
2669	0	156181
2670	0	156254
2671	0	156327
2672	0	156400
2673	0	156471
2674	0	156542
2675	0	156613
2676	0	156684
2677	0	156754
2678	0	156824
2679	0	156893
2680	0	156962
2681	0	157034
2682	0	157106
2683	0	157178
2684	0	157250
2685	0	157322
2686	0	157394
2687	0	157466
2688	0	157538
2689	0	157612
2690	0	157686
2691	0	157759
2692	0	157832
2693	0	157906
2694	0	157980
2695	0	158054
2696	0	158128
2697	0	158202
2698	0	158276
2699	0	158350
2700	0	158424
2701	0	158497
2702	0	158570
2703	0	158642
2704	0	158714
2705	0	158788
2706	0	158862
2707	0	158936
2708	0	159010
2709	0	159084
2710	0	159158
2711	0	159232
2712	0	159306
2713	0	159380
2714	0	159454
2715	0	159528
2716	0	159602
2717	0	159675
2718	0	159748
2719	0	159822
2720	0	159896
2721	0	159970
2722	0	160044
2723	0	160118
2724	0	160192
2725	0	160266
2726	0	160340
2727	0	160414
2728	0	160488
2729	0	160560
2730	0	160632
2731	0	160703
2732	0	160774
2733	0	160847
2734	0	160920
2735	0	160993
2736	0	161066
2737	0	161140
2738	0	161214
2739	0	161288
2740	0	161362
2741	0	161436
2742	0	161510
2743	0	161584
2744	0	161658
2745	0	161731
2746	0	161804
2747	0	161878
2748	0	161952
2749	0	162026
2750	0	162100
2751	0	162174
2752	0	162248
2753	0	162322
2754	0	162396
2755	0	162470
2756	0	162544
2757	0	162618
2758	0	162692
2759	0	162766
2760	0	162840
2761	0	162912
2762	0	162984
2763	0	163057
2764	0	163130
2765	0	163204
2766	0	163278
2767	0	163352
2768	0	163426
2769	0	163500
2770	0	163574
2771	0	163648
2772	0	163722
2773	0	163796
2774	0	163870
2775	0	163944
2776	0	164018
2777	0	164091
2778	0	164164
2779	0	164238
2780	0	164312
2781	0	164386
2782	0	164460
2783	0	164534
2784	0	164608
2785	0	164681
2786	0	164754
2787	0	164827
2788	0	164900
2789	0	164973
2790	0	165046
2791	0	165119
2792	0	165192
2793	0	165263
2794	0	165334
2795	0	165404
2796	0	165474
2797	0	165546
2798	0	165618
2799	0	165690
2800	0	165762
2801	0	165836
2802	0	165910
2803	0	165984
2804	0	166058
2805	0	166132
2806	0	166206
2807	0	166280
2808	0	166354
2809	0	166428
2810	0	166502
2811	0	166576
2812	0	166650
2813	0	166723
2814	0	166796
2815	0	166870
2816	0	166944
2817	0	167018
2818	0	167092
2819	0	167166
2820	0	167240
2821	0	167314
2822	0	167388
2823	0	167462
2824	0	167536
2825	0	167610
2826	0	167684
2827	0	167758
2828	0	167832
2829	0	167906
2830	0	167980
2831	0	168054
2832	0	168128
2833	0	168201
2834	0	168274
2835	0	168346
2836	0	168418
2837	0	168492
2838	0	168566
2839	0	168640
2840	0	168714
2841	0	168788
2842	0	168862
2843	0	168936
2844	0	169010
2845	0	169084
2846	0	169158
2847	0	169232
2848	0	169306
2849	0	169380
2850	0	169454
2851	0	169528
2852	0	169602
2853	0	169676
2854	0	169750
2855	0	169824
2856	0	169898
2857	0	169972
2858	0	170046
2859	0	170119
2860	0	170192
2861	0	170266
2862	0	170340
2863	0	170414
2864	0	170488
2865	0	170562
2866	0	170636
2867	0	170710
2868	0	170784
2869	0	170858
2870	0	170932
2871	0	171006
2872	0	171080
2873	0	171154
2874	0	171228
2875	0	171302
2876	0	171376
2877	0	171450
2878	0	171524
2879	0	171598
2880	0	171672
2881	0	171746
2882	0	171820
2883	0	171894
2884	0	171968
2885	0	172042
2886	0	172116
2887	0	172190
2888	0	172264
2889	0	172335
2890	0	172406
2891	0	172478
2892	0	172550
2893	0	172623
2894	0	172696
2895	0	172769
2896	0	172842
2897	0	172916
2898	0	172990
2899	0	173064
2900	0	173138
2901	0	173212
2902	0	173286
2903	0	173360
2904	0	173434
2905	0	173508
2906	0	173582
2907	0	173656
2908	0	173730
2909	0	173804
2910	0	173878
2911	0	173952
2912	0	174026
2913	0	174100
2914	0	174174
2915	0	174248
2916	0	174322
2917	0	174396
2918	0	174470
2919	0	174544
2920	0	174618
2921	0	174692
2922	0	174766
2923	0	174840
2924	0	174914
2925	0	174988
2926	0	175062
2927	0	175135
2928	0	175208
2929	0	175282
2930	0	175356
2931	0	175430
2932	0	175504
2933	0	175578
2934	0	175652
2935	0	175726
2936	0	175800
2937	0	175874
2938	0	175948
2939	0	176022
2940	0	176096
2941	0	176170
2942	0	176244
2943	0	176318
2944	0	176392
2945	0	176466
2946	0	176540
2947	0	176614
2948	0	176688
2949	0	176762
2950	0	176836
2951	0	176910
2952	0	176984
2953	0	177058
2954	0	177132
2955	0	177206
2956	0	177280
2957	0	177354
2958	0	177428
2959	0	177502
2960	0	177576
2961	0	177650
2962	0	177724
2963	0	177798
2964	0	177872
2965	0	177946
2966	0	178020
2967	0	178094
2968	0	178168
2969	0	178242
2970	0	178316
2971	0	178390
2972	0	178464
2973	0	178538
2974	0	178612
2975	0	178686
2976	0	178760
2977	0	178834
2978	0	178908
2979	0	178982
2980	0	179056
2981	0	179130
2982	0	179204
2983	0	179278
2984	0	179352
2985	0	179426
2986	0	179500
2987	0	179574
2988	0	179648
2989	0	179722
2990	0	179796
2991	0	179870
2992	0	179944
2993	0	180018
2994	0	180092
2995	0	180166
2996	0	180240
2997	0	180314
2998	0	180388
2999	0	180462
3000	0	180536
3001	0	180610
3002	0	180684
3003	0	180758
3004	0	180832
3005	0	180906
3006	0	180980
3007	0	181054
3008	0	181128
3009	0	181202
3010	0	181276
3011	0	181350
3012	0	181424
3013	0	181498
3014	0	181572
3015	0	181646
3016	0	181720
3017	0	181794
3018	0	181868
3019	0	181942
3020	0	182016
3021	0	182090
3022	0	182164
3023	0	182238
3024	0	182312
3025	0	182386
3026	0	182460
3027	0	182534
3028	0	182608
3029	0	182682
3030	0	182756
3031	0	182830
3032	0	182904
3033	0	182978
3034	0	183052
3035	0	183126
3036	0	183200
3037	0	183274
3038	0	183348
3039	0	183422
3040	0	183496
3041	0	183570
3042	0	183644
3043	0	183718
3044	0	183792
3045	0	183866
3046	0	183940
3047	0	184014
3048	0	184088
3049	0	184162
3050	0	184236
3051	0	184310
3052	0	184384
3053	0	184458
3054	0	184532
3055	0	184606
3056	0	184680
3057	0	184754
3058	0	184828
3059	0	184902
3060	0	184976
3061	0	185050
3062	0	185124
3063	0	185198
3064	0	185272
3065	0	185346
3066	0	185420
3067	0	185494
3068	0	185568
3069	0	185642
3070	0	185716
3071	0	185790
3072	0	185864
3073	0	185944
3074	0	186024
3075	0	186104
3076	0	186184
3077	0	186264
3078	0	186344
3079	0	186424
3080	0	186504
3081	0	186584
3082	0	186664
3083	0	186744
3084	0	186824
3085	0	186904
3086	0	186984
3087	0	187064
3088	0	187144
3089	0	187224
3090	0	187304
3091	0	187384
3092	0	187464
3093	0	187544
3094	0	187624
3095	0	187704
3096	0	187784
3097	0	187864
3098	0	187944
3099	0	188024
3100	0	188104
3101	0	188185
3102	0	188266
3103	0	188346
3104	0	188426
3105	0	188506
3106	0	188586
3107	0	188666
3108	0	188746
3109	0	188826
3110	0	188906
3111	0	188986
3112	0	189066
3113	0	189146
3114	0	189226
3115	0	189306
3116	0	189386
3117	0	189466
3118	0	189546
3119	0	189626
3120	0	189706
3121	0	189786
3122	0	189866
3123	0	189946
3124	0	190026
3125	0	190106
3126	0	190186
3127	0	190266
3128	0	190346
3129	0	190426
3130	0	190506
3131	0	190586
3132	0	190666
3133	0	190746
3134	0	190826
3135	0	190906
3136	0	190986
3137	0	191067
3138	0	191148
3139	0	191229
3140	0	191310
3141	0	191393
3142	0	191476
3143	0	191558
3144	0	191640
3145	0	191720
3146	0	191800
3147	0	191880
3148	0	191960
3149	0	192040
3150	0	192120
3151	0	192200
3152	0	192280
3153	0	192360
3154	0	192440
3155	0	192520
3156	0	192600
3157	0	192680
3158	0	192760
3159	0	192840
3160	0	192920
3161	0	193000
3162	0	193080
3163	0	193160
3164	0	193240
3165	0	193320
3166	0	193400
3167	0	193480
3168	0	193560
3169	0	193640
3170	0	193720
3171	0	193801
3172	0	193882
3173	0	193962
3174	0	194042
3175	0	194122
3176	0	194202
3177	0	194282
3178	0	194362
3179	0	194442
3180	0	194522
3181	0	194602
3182	0	194682
3183	0	194762
3184	0	194842
3185	0	194922
3186	0	195002
3187	0	195082
3188	0	195162
3189	0	195242
3190	0	195322
3191	0	195402
3192	0	195482
3193	0	195562
3194	0	195642
3195	0	195722
3196	0	195802
3197	0	195884
3198	0	195966
3199	0	196047
3200	0	196128
3201	0	196208
3202	0	196288
3203	0	196368
3204	0	196448
3205	0	196528
3206	0	196608
3207	0	196688
3208	0	196768
3209	0	196848
3210	0	196928
3211	0	197008
3212	0	197088
3213	0	197168
3214	0	197248
3215	0	197328
3216	0	197408
3217	0	197488
3218	0	197568
3219	0	197649
3220	0	197730
3221	0	197810
3222	0	197890
3223	0	197970
3224	0	198050
3225	0	198130
3226	0	198210
3227	0	198290
3228	0	198370
3229	0	198450
3230	0	198530
3231	0	198610
3232	0	198690
3233	0	198772
3234	0	198854
3235	0	198936
3236	0	199018
3237	0	199101
3238	0	199184
3239	0	199268
3240	0	199352
3241	0	199433
3242	0	199514
3243	0	199595
3244	0	199676
3245	0	199757
3246	0	199838
3247	0	199919
3248	0	200000
3249	0	200080
3250	0	200160
3251	0	200240
3252	0	200320
3253	0	200400
3254	0	200480
3255	0	200560
3256	0	200640
3257	0	200721
3258	0	200802
3259	0	200882
3260	0	200962
3261	0	201042
3262	0	201122
3263	0	201202
3264	0	201282
3265	0	201362
3266	0	201442
3267	0	201522
3268	0	201602
3269	0	201682
3270	0	201762
3271	0	201842
3272	0	201922
3273	0	202003
3274	0	202084
3275	0	202166
3276	0	202248
3277	0	202328
3278	0	202408
3279	0	202488
3280	0	202568
3281	0	202648
3282	0	202728
3283	0	202808
3284	0	202888
3285	0	202968
3286	0	203048
3287	0	203128
3288	0	203208
3289	0	203288
3290	0	203368
3291	0	203449
3292	0	203530
3293	0	203610
3294	0	203690
3295	0	203770
3296	0	203850
3297	0	203930
3298	0	204010
3299	0	204090
3300	0	204170
3301	0	204250
3302	0	204330
3303	0	204410
3304	0	204490
3305	0	204573
3306	0	204656
3307	0	204738
3308	0	204820
3309	0	204901
3310	0	204982
3311	0	205063
3312	0	205144
3313	0	205224
3314	0	205304
3315	0	205384
3316	0	205464
3317	0	205544
3318	0	205624
3319	0	205704
3320	0	205784
3321	0	205865
3322	0	205946
3323	0	206026
3324	0	206106
3325	0	206186
3326	0	206266
3327	0	206346
3328	0	206426
3329	0	206506
3330	0	206586
3331	0	206666
3332	0	206746
3333	0	206827
3334	0	206908
3335	0	206990
3336	0	207072
3337	0	207152
3338	0	207232
3339	0	207312
3340	0	207392
3341	0	207472
3342	0	207552
3343	0	207632
3344	0	207712
3345	0	207792
3346	0	207872
3347	0	207953
3348	0	208034
3349	0	208114
3350	0	208194
3351	0	208274
3352	0	208354
3353	0	208434
3354	0	208514
3355	0	208594
3356	0	208674
3357	0	208754
3358	0	208834
3359	0	208914
3360	0	208994
3361	0	209079
3362	0	209164
3363	0	209248
3364	0	209332
3365	0	209415
3366	0	209498
3367	0	209581
3368	0	209664
3369	0	209746
3370	0	209828
3371	0	209910
3372	0	209992
3373	0	210075
3374	0	210158
3375	0	210240
3376	0	210322
3377	0	210403
3378	0	210484
3379	0	210565
3380	0	210646
3381	0	210727
3382	0	210808
3383	0	210889
3384	0	210970
3385	0	211053
3386	0	211136
3387	0	211218
3388	0	211300
3389	0	211381
3390	0	211462
3391	0	211543
3392	0	211624
3393	0	211704
3394	0	211784
3395	0	211864
3396	0	211944
3397	0	212025
3398	0	212106
3399	0	212186
3400	0	212266
3401	0	212346
3402	0	212426
3403	0	212506
3404	0	212586
3405	0	212666
3406	0	212746
3407	0	212826
3408	0	212906
3409	0	212989
3410	0	213072
3411	0	213154
3412	0	213236
3413	0	213317
3414	0	213398
3415	0	213479
3416	0	213560
3417	0	213640
3418	0	213720
3419	0	213801
3420	0	213882
3421	0	213962
3422	0	214042
3423	0	214122
3424	0	214202
3425	0	214282
3426	0	214362
3427	0	214442
3428	0	214522
3429	0	214603
3430	0	214684
3431	0	214766
3432	0	214848
3433	0	214928
3434	0	215008
3435	0	215088
3436	0	215168
3437	0	215248
3438	0	215328
3439	0	215408
3440	0	215488
3441	0	215570
3442	0	215652
3443	0	215733
3444	0	215814
3445	0	215895
3446	0	215976
3447	0	216057
3448	0	216138
3449	0	216221
3450	0	216304
3451	0	216388
3452	0	216472
3453	0	216554
3454	0	216636
3455	0	216718
3456	0	216800
3457	0	216880
3458	0	216960
3459	0	217040
3460	0	217120
3461	0	217201
3462	0	217282
3463	0	217362
3464	0	217442
3465	0	217522
3466	0	217602
3467	0	217682
3468	0	217762
3469	0	217843
3470	0	217924
3471	0	218006
3472	0	218088
3473	0	218168
3474	0	218248
3475	0	218328
3476	0	218408
3477	0	218488
3478	0	218568
3479	0	218648
3480	0	218728
3481	0	218809
3482	0	218890
3483	0	218970
3484	0	219050
3485	0	219130
3486	0	219210
3487	0	219290
3488	0	219370
3489	0	219452
3490	0	219534
3491	0	219617
3492	0	219700
3493	0	219781
3494	0	219862
3495	0	219943
3496	0	220024
3497	0	220104
3498	0	220184
3499	0	220264
3500	0	220344
3501	0	220425
3502	0	220506
3503	0	220586
3504	0	220666
3505	0	220746
3506	0	220826
3507	0	220906
3508	0	220986
3509	0	221068
3510	0	221150
3511	0	221231
3512	0	221312
3513	0	221392
3514	0	221472
3515	0	221552
3516	0	221632
3517	0	221712
3518	0	221792
3519	0	221873
3520	0	221954
3521	0	222038
3522	0	222122
3523	0	222206
3524	0	222290
3525	0	222375
3526	0	222460
3527	0	222546
3528	0	222632
3529	0	222715
3530	0	222798
3531	0	222881
3532	0	222964
3533	0	223047
3534	0	223130
3535	0	223214
3536	0	223298
3537	0	223380
3538	0	223462
3539	0	223544
3540	0	223626
3541	0	223708
3542	0	223790
3543	0	223872
3544	0	223954
3545	0	224038
3546	0	224122
3547	0	224205
3548	0	224288
3549	0	224370
3550	0	224452
3551	0	224534
3552	0	224616
3553	0	224698
3554	0	224780
3555	0	224861
3556	0	224942
3557	0	225023
3558	0	225104
3559	0	225185
3560	0	225266
3561	0	225350
3562	0	225434
3563	0	225517
3564	0	225600
3565	0	225682
3566	0	225764
3567	0	225846
3568	0	225928
3569	0	226010
3570	0	226092
3571	0	226173
3572	0	226254
3573	0	226335
3574	0	226416
3575	0	226497
3576	0	226578
3577	0	226661
3578	0	226744
3579	0	226826
3580	0	226908
3581	0	226989
3582	0	227070
3583	0	227151
3584	0	227232
3585	0	227315
3586	0	227398
3587	0	227480
3588	0	227562
3589	0	227644
3590	0	227726
3591	0	227808
3592	0	227890
3593	0	227975
3594	0	228060
3595	0	228144
3596	0	228228
3597	0	228311
3598	0	228394
3599	0	228477
3600	0	228560
3601	0	228642
3602	0	228724
3603	0	228805
3604	0	228886
3605	0	228967
3606	0	229048
3607	0	229129
3608	0	229210
3609	0	229293
3610	0	229376
3611	0	229458
3612	0	229540
3613	0	229621
3614	0	229702
3615	0	229783
3616	0	229864
3617	0	229946
3618	0	230028
3619	0	230109
3620	0	230190
3621	0	230271
3622	0	230352
3623	0	230433
3624	0	230514
3625	0	230598
3626	0	230682
3627	0	230765
3628	0	230848
3629	0	230930
3630	0	231012
3631	0	231095
3632	0	231178
3633	0	231259
3634	0	231340
3635	0	231421
3636	0	231502
3637	0	231584
3638	0	231666
3639	0	231749
3640	0	231832
3641	0	231913
3642	0	231994
3643	0	232075
3644	0	232156
3645	0	232237
3646	0	232318
3647	0	232400
3648	0	232482
3649	0	232566
3650	0	232650
3651	0	232734
3652	0	232818
3653	0	232904
3654	0	232990
3655	0	233075
3656	0	233160
3657	0	233243
3658	0	233326
3659	0	233409
3660	0	233492
3661	0	233576
3662	0	233660
3663	0	233743
3664	0	233826
3665	0	233908
3666	0	233990
3667	0	234072
3668	0	234154
3669	0	234238
3670	0	234322
3671	0	234405
3672	0	234488
3673	0	234570
3674	0	234652
3675	0	234735
3676	0	234818
3677	0	234900
3678	0	234982
3679	0	235064
3680	0	235146
3681	0	235229
3682	0	235312
3683	0	235396
3684	0	235480
3685	0	235562
3686	0	235644
3687	0	235726
3688	0	235808
3689	0	235890
3690	0	235972
3691	0	236053
3692	0	236134
3693	0	236216
3694	0	236298
3695	0	236381
3696	0	236464
3697	0	236546
3698	0	236628
3699	0	236710
3700	0	236792
3701	0	236874
3702	0	236956
3703	0	237039
3704	0	237122
3705	0	237205
3706	0	237288
3707	0	237371
3708	0	237454
3709	0	237539
3710	0	237624
3711	0	237708
3712	0	237792
3713	0	237875
3714	0	237958
3715	0	238042
3716	0	238126
3717	0	238209
3718	0	238292
3719	0	238375
3720	0	238458
3721	0	238542
3722	0	238626
3723	0	238711
3724	0	238796
3725	0	238879
3726	0	238962
3727	0	239045
3728	0	239128
3729	0	239213
3730	0	239298
3731	0	239382
3732	0	239466
3733	0	239551
3734	0	239636
3735	0	239722
3736	0	239808
3737	0	239891
3738	0	239974
3739	0	240057
3740	0	240140
3741	0	240224
3742	0	240308
3743	0	240391
3744	0	240474
3745	0	240558
3746	0	240642
3747	0	240726
3748	0	240810
3749	0	240896
3750	0	240982
3751	0	241067
3752	0	241152
3753	0	241236
3754	0	241320
3755	0	241405
3756	0	241490
3757	0	241574
3758	0	241658
3759	0	241742
3760	0	241826
3761	0	241914
3762	0	242002
3763	0	242089
3764	0	242176
3765	0	242262
3766	0	242348
3767	0	242435
3768	0	242522
3769	0	242607
3770	0	242692
3771	0	242777
3772	0	242862
3773	0	242949
3774	0	243036
3775	0	243122
3776	0	243208
3777	0	243290
3778	0	243372
3779	0	243455
3780	0	243538
3781	0	243620
3782	0	243702
3783	0	243784
3784	0	243866
3785	0	243951
3786	0	244036
3787	0	244120
3788	0	244204
3789	0	244287
3790	0	244370
3791	0	244454
3792	0	244538
3793	0	244620
3794	0	244702
3795	0	244784
3796	0	244866
3797	0	244950
3798	0	245034
3799	0	245117
3800	0	245200
3801	0	245282
3802	0	245364
3803	0	245447
3804	0	245530
3805	0	245612
3806	0	245694
3807	0	245776
3808	0	245858
3809	0	245944
3810	0	246030
3811	0	246115
3812	0	246200
3813	0	246284
3814	0	246368
3815	0	246453
3816	0	246538
3817	0	246621
3818	0	246704
3819	0	246787
3820	0	246870
3821	0	246955
3822	0	247040
3823	0	247124
3824	0	247208
3825	0	247290
3826	0	247372
3827	0	247455
3828	0	247538
3829	0	247620
3830	0	247702
3831	0	247784
3832	0	247866
3833	0	247951
3834	0	248036
3835	0	248120
3836	0	248204
3837	0	248287
3838	0	248370
3839	0	248454
3840	0	248538
3841	0	248622
3842	0	248706
3843	0	248790
3844	0	248874
3845	0	248960
3846	0	249046
3847	0	249131
3848	0	249216
3849	0	249301
3850	0	249386
3851	0	249472
3852	0	249558
3853	0	249644
3854	0	249730
3855	0	249817
3856	0	249904
3857	0	249987
3858	0	250070
3859	0	250153
3860	0	250236
3861	0	250320
3862	0	250404
3863	0	250487
3864	0	250570
3865	0	250654
3866	0	250738
3867	0	250823
3868	0	250908
3869	0	250991
3870	0	251074
3871	0	251157
3872	0	251240
3873	0	251324
3874	0	251408
3875	0	251491
3876	0	251574
3877	0	251659
3878	0	251744
3879	0	251828
3880	0	251912
3881	0	251994
3882	0	252076
3883	0	252159
3884	0	252242
3885	0	252324
3886	0	252406
3887	0	252488
3888	0	252570
3889	0	252655
3890	0	252740
3891	0	252824
3892	0	252908
3893	0	252991
3894	0	253074
3895	0	253158
3896	0	253242
3897	0	253327
3898	0	253412
3899	0	253498
3900	0	253584
3901	0	253668
3902	0	253752
3903	0	253836
3904	0	253920
3905	0	254004
3906	0	254088
3907	0	254171
3908	0	254254
3909	0	254338
3910	0	254422
3911	0	254507
3912	0	254592
3913	0	254675
3914	0	254758
3915	0	254842
3916	0	254926
3917	0	255009
3918	0	255092
3919	0	255175
3920	0	255258
3921	0	255344
3922	0	255430
3923	0	255515
3924	0	255600
3925	0	255684
3926	0	255768
3927	0	255853
3928	0	255938
3929	0	256022
3930	0	256106
3931	0	256191
3932	0	256276
3933	0	256359
3934	0	256442
3935	0	256525
3936	0	256608
3937	0	256695
3938	0	256782
3939	0	256868
3940	0	256954
3941	0	257042
3942	0	257130
3943	0	257217
3944	0	257304
3945	0	257389
3946	0	257474
3947	0	257560
3948	0	257646
3949	0	257731
3950	0	257816
3951	0	257901
3952	0	257986
3953	0	258072
3954	0	258158
3955	0	258243
3956	0	258328
3957	0	258413
3958	0	258498
3959	0	258582
3960	0	258666
3961	0	258752
3962	0	258838
3963	0	258925
3964	0	259012
3965	0	259097
3966	0	259182
3967	0	259268
3968	0	259354
3969	0	259438
3970	0	259522
3971	0	259606
3972	0	259690
3973	0	259776
3974	0	259862
3975	0	259947
3976	0	260032
3977	0	260118
3978	0	260204
3979	0	260289
3980	0	260374
3981	0	260460
3982	0	260546
3983	0	260633
3984	0	260720
3985	0	260803
3986	0	260886
3987	0	260970
3988	0	261054
3989	0	261137
3990	0	261220
3991	0	261303
3992	0	261386
3993	0	261471
3994	0	261556
3995	0	261640
3996	0	261724
3997	0	261808
3998	0	261892
3999	0	261975
4000	0	262058
4001	0	262144
4002	0	262230
4003	0	262317
4004	0	262404
4005	0	262489
4006	0	262574
4007	0	262660
4008	0	262746
4009	0	262831
4010	0	262916
4011	0	263002
4012	0	263088
4013	0	263172
4014	0	263256
4015	0	263340
4016	0	263424
4017	0	263511
4018	0	263598
4019	0	263684
4020	0	263770
4021	0	263858
4022	0	263946
4023	0	264033
4024	0	264120
4025	0	264205
4026	0	264290
4027	0	264376
4028	0	264462
4029	0	264548
4030	0	264634
4031	0	264721
4032	0	264808
4033	0	264892
4034	0	264976
4035	0	265061
4036	0	265146
4037	0	265230
4038	0	265314
4039	0	265398
4040	0	265482
4041	0	265569
4042	0	265656
4043	0	265742
4044	0	265828
4045	0	265914
4046	0	266000
4047	0	266085
4048	0	266170
4049	0	266257
4050	0	266344
4051	0	266430
4052	0	266516
4053	0	266601
4054	0	266686
4055	0	266772
4056	0	266858
4057	0	266945
4058	0	267032
4059	0	267120
4060	0	267208
4061	0	267294
4062	0	267380
4063	0	267467
4064	0	267554
4065	0	267639
4066	0	267724
4067	0	267809
4068	0	267894
4069	0	267981
4070	0	268068
4071	0	268154
4072	0	268240
4073	0	268327
4074	0	268414
4075	0	268500
4076	0	268586
4077	0	268674
4078	0	268762
4079	0	268849
4080	0	268936
4081	0	269022
4082	0	269108
4083	0	269195
4084	0	269282
4085	0	269369
4086	0	269456
4087	0	269544
4088	0	269632
4089	0	269719
4090	0	269806
4091	0	269894
4092	0	269982
4093	0	270070
4094	0	270158
4095	0	270247
4096	0	270336
4097	0	270413
4098	0	270490
4099	0	270567
4100	0	270644
4101	0	270722
4102	0	270800
4103	0	270877
4104	0	270954
4105	0	271033
4106	0	271112
4107	0	271190
4108	0	271268
4109	0	271346
4110	0	271424
4111	0	271501
4112	0	271578
4113	0	271658
4114	0	271738
4115	0	271817
4116	0	271896
4117	0	271974
4118	0	272052
4119	0	272131
4120	0	272210
4121	0	272288
4122	0	272366
4123	0	272445
4124	0	272524
4125	0	272601
4126	0	272678
4127	0	272756
4128	0	272834
4129	0	272914
4130	0	272994
4131	0	273075
4132	0	273156
4133	0	273235
4134	0	273314
4135	0	273393
4136	0	273472
4137	0	273551
4138	0	273630
4139	0	273708
4140	0	273786
4141	0	273866
4142	0	273946
4143	0	274025
4144	0	274104
4145	0	274183
4146	0	274262
4147	0	274340
4148	0	274418
4149	0	274498
4150	0	274578
4151	0	274657
4152	0	274736
4153	0	274814
4154	0	274892
4155	0	274969
4156	0	275046
4157	0	275125
4158	0	275204
4159	0	275282
4160	0	275360
4161	0	275440
4162	0	275520
4163	0	275601
4164	0	275682
4165	0	275763
4166	0	275844
4167	0	275926
4168	0	276008
4169	0	276087
4170	0	276166
4171	0	276246
4172	0	276326
4173	0	276406
4174	0	276486
4175	0	276567
4176	0	276648
4177	0	276727
4178	0	276806
4179	0	276886
4180	0	276966
4181	0	277046
4182	0	277126
4183	0	277207
4184	0	277288
4185	0	277366
4186	0	277444
4187	0	277523
4188	0	277602
4189	0	277681
4190	0	277760
4191	0	277840
4192	0	277920
4193	0	277998
4194	0	278076
4195	0	278155
4196	0	278234
4197	0	278312
4198	0	278390
4199	0	278468
4200	0	278546
4201	0	278627
4202	0	278708
4203	0	278788
4204	0	278868
4205	0	278948
4206	0	279028
4207	0	279107
4208	0	279186
4209	0	279265
4210	0	279344
4211	0	279422
4212	0	279500
4213	0	279578
4214	0	279656
4215	0	279733
4216	0	279810
4217	0	279890
4218	0	279970
4219	0	280049
4220	0	280128
4221	0	280207
4222	0	280286
4223	0	280364
4224	0	280442
4225	0	280524
4226	0	280606
4227	0	280687
4228	0	280768
4229	0	280849
4230	0	280930
4231	0	281010
4232	0	281090
4233	0	281173
4234	0	281256
4235	0	281338
4236	0	281420
4237	0	281502
4238	0	281584
4239	0	281665
4240	0	281746
4241	0	281827
4242	0	281908
4243	0	281988
4244	0	282068
4245	0	282148
4246	0	282228
4247	0	282307
4248	0	282386
4249	0	282468
4250	0	282550
4251	0	282631
4252	0	282712
4253	0	282793
4254	0	282874
4255	0	282954
4256	0	283034
4257	0	283115
4258	0	283196
4259	0	283276
4260	0	283356
4261	0	283436
4262	0	283516
4263	0	283595
4264	0	283674
4265	0	283756
4266	0	283838
4267	0	283919
4268	0	284000
4269	0	284081
4270	0	284162
4271	0	284242
4272	0	284322
4273	0	284402
4274	0	284482
4275	0	284561
4276	0	284640
4277	0	284719
4278	0	284798
4279	0	284876
4280	0	284954
4281	0	285035
4282	0	285116
4283	0	285196
4284	0	285276
4285	0	285356
4286	0	285436
4287	0	285515
4288	0	285594
4289	0	285675
4290	0	285756
4291	0	285836
4292	0	285916
4293	0	285996
4294	0	286076
4295	0	286155
4296	0	286234
4297	0	286316
4298	0	286398
4299	0	286479
4300	0	286560
4301	0	286641
4302	0	286722
4303	0	286802
4304	0	286882
4305	0	286962
4306	0	287042
4307	0	287121
4308	0	287200
4309	0	287279
4310	0	287358
4311	0	287436
4312	0	287514
4313	0	287595
4314	0	287676
4315	0	287756
4316	0	287836
4317	0	287916
4318	0	287996
4319	0	288075
4320	0	288154
4321	0	288235
4322	0	288316
4323	0	288396
4324	0	288476
4325	0	288557
4326	0	288638
4327	0	288719
4328	0	288800
4329	0	288878
4330	0	288956
4331	0	289035
4332	0	289114
4333	0	289193
4334	0	289272
4335	0	289352
4336	0	289432
4337	0	289510
4338	0	289588
4339	0	289667
4340	0	289746
4341	0	289825
4342	0	289904
4343	0	289984
4344	0	290064
4345	0	290141
4346	0	290218
4347	0	290296
4348	0	290374
4349	0	290452
4350	0	290530
4351	0	290609
4352	0	290688
4353	0	290771
4354	0	290854
4355	0	290938
4356	0	291022
4357	0	291106
4358	0	291190
4359	0	291275
4360	0	291360
4361	0	291442
4362	0	291524
4363	0	291607
4364	0	291690
4365	0	291774
4366	0	291858
4367	0	291941
4368	0	292024
4369	0	292107
4370	0	292190
4371	0	292272
4372	0	292354
4373	0	292438
4374	0	292522
4375	0	292605
4376	0	292688
4377	0	292770
4378	0	292852
4379	0	292933
4380	0	293014
4381	0	293097
4382	0	293180
4383	0	293262
4384	0	293344
4385	0	293427
4386	0	293510
4387	0	293592
4388	0	293674
4389	0	293758
4390	0	293842
4391	0	293926
4392	0	294010
4393	0	294092
4394	0	294174
4395	0	294257
4396	0	294340
4397	0	294421
4398	0	294502
4399	0	294584
4400	0	294666
4401	0	294748
4402	0	294830
4403	0	294913
4404	0	294996
4405	0	295077
4406	0	295158
4407	0	295240
4408	0	295322
4409	0	295403
4410	0	295484
4411	0	295566
4412	0	295648
4413	0	295729
4414	0	295810
4415	0	295890
4416	0	295970
4417	0	296055
4418	0	296140
4419	0	296224
4420	0	296308
4421	0	296392
4422	0	296476
4423	0	296559
4424	0	296642
4425	0	296727
4426	0	296812
4427	0	296896
4428	0	296980
4429	0	297065
4430	0	297150
4431	0	297235
4432	0	297320
4433	0	297402
4434	0	297484
4435	0	297567
4436	0	297650
4437	0	297733
4438	0	297816
4439	0	297900
4440	0	297984
4441	0	298067
4442	0	298150
4443	0	298234
4444	0	298318
4445	0	298402
4446	0	298486
4447	0	298571
4448	0	298656
4449	0	298738
4450	0	298820
4451	0	298901
4452	0	298982
4453	0	299065
4454	0	299148
4455	0	299230
4456	0	299312
4457	0	299395
4458	0	299478
4459	0	299560
4460	0	299642
4461	0	299726
4462	0	299810
4463	0	299894
4464	0	299978
4465	0	300061
4466	0	300144
4467	0	300228
4468	0	300312
4469	0	300394
4470	0	300476
4471	0	300559
4472	0	300642
4473	0	300726
4474	0	300810
4475	0	300895
4476	0	300980
4477	0	301064
4478	0	301148
4479	0	301231
4480	0	301314
4481	0	301395
4482	0	301476
4483	0	301556
4484	0	301636
4485	0	301716
4486	0	301796
4487	0	301875
4488	0	301954
4489	0	302036
4490	0	302118
4491	0	302200
4492	0	302282
4493	0	302363
4494	0	302444
4495	0	302526
4496	0	302608
4497	0	302689
4498	0	302770
4499	0	302852
4500	0	302934
4501	0	303016
4502	0	303098
4503	0	303181
4504	0	303264
4505	0	303345
4506	0	303426
4507	0	303506
4508	0	303586
4509	0	303668
4510	0	303750
4511	0	303831
4512	0	303912
4513	0	303994
4514	0	304076
4515	0	304157
4516	0	304238
4517	0	304321
4518	0	304404
4519	0	304487
4520	0	304570
4521	0	304651
4522	0	304732
4523	0	304814
4524	0	304896
4525	0	304976
4526	0	305056
4527	0	305137
4528	0	305218
4529	0	305302
4530	0	305386
4531	0	305469
4532	0	305552
4533	0	305635
4534	0	305718
4535	0	305800
4536	0	305882
4537	0	305966
4538	0	306050
4539	0	306134
4540	0	306218
4541	0	306301
4542	0	306384
4543	0	306468
4544	0	306552
4545	0	306633
4546	0	306714
4547	0	306796
4548	0	306878
4549	0	306961
4550	0	307044
4551	0	307126
4552	0	307208
4553	0	307291
4554	0	307374
4555	0	307456
4556	0	307538
4557	0	307622
4558	0	307706
4559	0	307789
4560	0	307872
4561	0	307954
4562	0	308036
4563	0	308118
4564	0	308200
4565	0	308280
4566	0	308360
4567	0	308441
4568	0	308522
4569	0	308604
4570	0	308686
4571	0	308769
4572	0	308852
4573	0	308934
4574	0	309016
4575	0	309097
4576	0	309178
4577	0	309263
4578	0	309348
4579	0	309432
4580	0	309516
4581	0	309601
4582	0	309686
4583	0	309771
4584	0	309856
4585	0	309938
4586	0	310020
4587	0	310103
4588	0	310186
4589	0	310270
4590	0	310354
4591	0	310437
4592	0	310520
4593	0	310603
4594	0	310686
4595	0	310768
4596	0	310850
4597	0	310934
4598	0	311018
4599	0	311102
4600	0	311186
4601	0	311268
4602	0	311350
4603	0	311433
4604	0	311516
4605	0	311597
4606	0	311678
4607	0	311760
4608	0	311842
4609	0	311925
4610	0	312008
4611	0	312090
4612	0	312172
4613	0	312254
4614	0	312336
4615	0	312417
4616	0	312498
4617	0	312581
4618	0	312664
4619	0	312747
4620	0	312830
4621	0	312912
4622	0	312994
4623	0	313077
4624	0	313160
4625	0	313241
4626	0	313322
4627	0	313402
4628	0	313482
4629	0	313564
4630	0	313646
4631	0	313727
4632	0	313808
4633	0	313891
4634	0	313974
4635	0	314057
4636	0	314140
4637	0	314221
4638	0	314302
4639	0	314384
4640	0	314466
4641	0	314546
4642	0	314626
4643	0	314705
4644	0	314784
4645	0	314863
4646	0	314942
4647	0	315020
4648	0	315098
4649	0	315179
4650	0	315260
4651	0	315341
4652	0	315422
4653	0	315502
4654	0	315582
4655	0	315663
4656	0	315744
4657	0	315825
4658	0	315906
4659	0	315986
4660	0	316066
4661	0	316148
4662	0	316230
4663	0	316311
4664	0	316392
4665	0	316473
4666	0	316554
4667	0	316635
4668	0	316716
4669	0	316795
4670	0	316874
4671	0	316954
4672	0	317034
4673	0	317118
4674	0	317202
4675	0	317285
4676	0	317368
4677	0	317451
4678	0	317534
4679	0	317616
4680	0	317698
4681	0	317782
4682	0	317866
4683	0	317950
4684	0	318034
4685	0	318117
4686	0	318200
4687	0	318284
4688	0	318368
4689	0	318449
4690	0	318530
4691	0	318610
4692	0	318690
4693	0	318772
4694	0	318854
4695	0	318936
4696	0	319018
4697	0	319100
4698	0	319182
4699	0	319265
4700	0	319348
4701	0	319429
4702	0	319510
4703	0	319592
4704	0	319674
4705	0	319757
4706	0	319840
4707	0	319922
4708	0	320004
4709	0	320087
4710	0	320170
4711	0	320253
4712	0	320336
4713	0	320416
4714	0	320496
4715	0	320577
4716	0	320658
4717	0	320740
4718	0	320822
4719	0	320903
4720	0	320984
4721	0	321066
4722	0	321148
4723	0	321230
4724	0	321312
4725	0	321392
4726	0	321472
4727	0	321553
4728	0	321634
4729	0	321715
4730	0	321796
4731	0	321876
4732	0	321956
4733	0	322036
4734	0	322116
4735	0	322195
4736	0	322274
4737	0	322359
4738	0	322444
4739	0	322529
4740	0	322614
4741	0	322698
4742	0	322782
4743	0	322867
4744	0	322952
4745	0	323036
4746	0	323120
4747	0	323203
4748	0	323286
4749	0	323371
4750	0	323456
4751	0	323541
4752	0	323626
4753	0	323709
4754	0	323792
4755	0	323876
4756	0	323960
4757	0	324043
4758	0	324126
4759	0	324208
4760	0	324290
4761	0	324375
4762	0	324460
4763	0	324545
4764	0	324630
4765	0	324714
4766	0	324798
4767	0	324883
4768	0	324968
4769	0	325051
4770	0	325134
4771	0	325216
4772	0	325298
4773	0	325382
4774	0	325466
4775	0	325550
4776	0	325634
4777	0	325716
4778	0	325798
4779	0	325881
4780	0	325964
4781	0	326046
4782	0	326128
4783	0	326209
4784	0	326290
4785	0	326375
4786	0	326460
4787	0	326545
4788	0	326630
4789	0	326714
4790	0	326798
4791	0	326883
4792	0	326968
4793	0	327052
4794	0	327136
4795	0	327219
4796	0	327302
4797	0	327387
4798	0	327472
4799	0	327557
4800	0	327642
4801	0	327723
4802	0	327804
4803	0	327886
4804	0	327968
4805	0	328049
4806	0	328130
4807	0	328210
4808	0	328290
4809	0	328373
4810	0	328456
4811	0	328539
4812	0	328622
4813	0	328704
4814	0	328786
4815	0	328869
4816	0	328952
4817	0	329033
4818	0	329114
4819	0	329194
4820	0	329274
4821	0	329356
4822	0	329438
4823	0	329520
4824	0	329602
4825	0	329682
4826	0	329762
4827	0	329843
4828	0	329924
4829	0	330004
4830	0	330084
4831	0	330163
4832	0	330242
4833	0	330326
4834	0	330410
4835	0	330494
4836	0	330578
4837	0	330662
4838	0	330746
4839	0	330829
4840	0	330912
4841	0	330996
4842	0	331080
4843	0	331164
4844	0	331248
4845	0	331330
4846	0	331412
4847	0	331495
4848	0	331578
4849	0	331662
4850	0	331746
4851	0	331829
4852	0	331912
4853	0	331996
4854	0	332080
4855	0	332164
4856	0	332248
4857	0	332329
4858	0	332410
4859	0	332492
4860	0	332574
4861	0	332657
4862	0	332740
4863	0	332822
4864	0	332904
4865	0	332990
4866	0	333076
4867	0	333162
4868	0	333248
4869	0	333333
4870	0	333418
4871	0	333502
4872	0	333586
4873	0	333672
4874	0	333758
4875	0	333844
4876	0	333930
4877	0	334015
4878	0	334100
4879	0	334186
4880	0	334272
4881	0	334355
4882	0	334438
4883	0	334520
4884	0	334602
4885	0	334686
4886	0	334770
4887	0	334854
4888	0	334938
4889	0	335022
4890	0	335106
4891	0	335191
4892	0	335276
4893	0	335361
4894	0	335446
4895	0	335531
4896	0	335616
4897	0	335700
4898	0	335784
4899	0	335869
4900	0	335954
4901	0	336040
4902	0	336126
4903	0	336211
4904	0	336296
4905	0	336381
4906	0	336466
4907	0	336551
4908	0	336636
4909	0	336720
4910	0	336804
4911	0	336887
4912	0	336970
4913	0	337056
4914	0	337142
4915	0	337228
4916	0	337314
4917	0	337399
4918	0	337484
4919	0	337570
4920	0	337656
4921	0	337741
4922	0	337826
4923	0	337910
4924	0	337994
4925	0	338080
4926	0	338166
4927	0	338252
4928	0	338338
4929	0	338422
4930	0	338506
4931	0	338589
4932	0	338672
4933	0	338756
4934	0	338840
4935	0	338924
4936	0	339008
4937	0	339089
4938	0	339170
4939	0	339252
4940	0	339334
4941	0	339417
4942	0	339500
4943	0	339583
4944	0	339666
4945	0	339750
4946	0	339834
4947	0	339919
4948	0	340004
4949	0	340088
4950	0	340172
4951	0	340255
4952	0	340338
4953	0	340423
4954	0	340508
4955	0	340593
4956	0	340678
4957	0	340763
4958	0	340848
4959	0	340932
4960	0	341016
4961	0	341101
4962	0	341186
4963	0	341271
4964	0	341356
4965	0	341439
4966	0	341522
4967	0	341606
4968	0	341690
4969	0	341776
4970	0	341862
4971	0	341948
4972	0	342034
4973	0	342119
4974	0	342204
4975	0	342290
4976	0	342376
4977	0	342462
4978	0	342548
4979	0	342634
4980	0	342720
4981	0	342804
4982	0	342888
4983	0	342973
4984	0	343058
4985	0	343144
4986	0	343230
4987	0	343315
4988	0	343400
4989	0	343486
4990	0	343572
4991	0	343658
4992	0	343744
4993	0	343825
4994	0	343906
4995	0	343986
4996	0	344066
4997	0	344148
4998	0	344230
4999	0	344312
5000	0	344394
1	0	0
2	0	0
3	0	0
4	0	4
5	0	6
6	0	8
7	0	16
8	0	24
9	0	29
10	0	34
11	0	40
12	0	46
13	0	58
14	0	70
15	0	83
16	0	96
17	0	105
18	0	114
19	0	124
20	0	134
21	0	145
22	0	156
23	0	167
24	0	178
25	0	195
26	0	212
27	0	229
28	0	246
29	0	264
30	0	282
31	0	301
32	0	320
33	0	334
34	0	348
35	0	363
36	0	378
37	0	393
38	0	408
39	0	424
40	0	440
41	0	457
42	0	474
43	0	491
44	0	508
45	0	525
46	0	542
47	0	559
48	0	576
49	0	599
50	0	622
51	0	645
52	0	668
53	0	691
54	0	714
55	0	737
56	0	760
57	0	784
58	0	808
59	0	833
60	0	858
61	0	883
62	0	908
63	0	934
64	0	960
65	0	980
66	0	1000
67	0	1020
68	0	1040
69	0	1062
70	0	1084
71	0	1106
72	0	1128
73	0	1149
74	0	1170
75	0	1192
76	0	1214
77	0	1237
78	0	1260
79	0	1282
80	0	1304
81	0	1328
82	0	1352
83	0	1376
84	0	1400
85	0	1424
86	0	1448
87	0	1472
88	0	1496
89	0	1520
90	0	1544
91	0	1568
92	0	1592
93	0	1616
94	0	1640
95	0	1664
96	0	1688
97	0	1718
98	0	1748
99	0	1778
100	0	1808
101	0	1838
102	0	1868
103	0	1898
104	0	1928
105	0	1958
106	0	1988
107	0	2018
108	0	2048
109	0	2078
110	0	2108
111	0	2139
112	0	2170
113	0	2201
114	0	2232
115	0	2263
116	0	2294
117	0	2327
118	0	2360
119	0	2392
120	0	2424
121	0	2456
122	0	2488
123	0	2521
124	0	2554
125	0	2587
126	0	2620
127	0	2654
128	0	2688
129	0	2715
130	0	2742
131	0	2769
132	0	2796
133	0	2824
134	0	2852
135	0	2879
136	0	2906
137	0	2936
138	0	2966
139	0	2996
140	0	3026
141	0	3055
142	0	3084
143	0	3114
144	0	3144
145	0	3172
146	0	3200
147	0	3229
148	0	3258
149	0	3288
150	0	3318
151	0	3347
152	0	3376
153	0	3407
154	0	3438
155	0	3469
156	0	3500
157	0	3529
158	0	3558
159	0	3588
160	0	3618
161	0	3650
162	0	3682
163	0	3714
164	0	3746
165	0	3778
166	0	3810
167	0	3841
168	0	3872
169	0	3904
170	0	3936
171	0	3968
172	0	4000
173	0	4032
174	0	4064
175	0	4096
176	0	4128
177	0	4160
178	0	4192
179	0	4224
180	0	4256
181	0	4288
182	0	4320
183	0	4352
184	0	4384
185	0	4416
186	0	4448
187	0	4480
188	0	4512
189	0	4544
190	0	4576
191	0	4608
192	0	4640
193	0	4678
194	0	4716
195	0	4754
196	0	4792
197	0	4830
198	0	4868
199	0	4906
200	0	4944
201	0	4982
202	0	5020
203	0	5058
204	0	5096
205	0	5134
206	0	5172
207	0	5210
208	0	5248
209	0	5286
210	0	5324
211	0	5363
212	0	5402
213	0	5440
214	0	5478
215	0	5516
216	0	5554
217	0	5592
218	0	5630
219	0	5668
220	0	5706
221	0	5746
222	0	5786
223	0	5825
224	0	5864
225	0	5903
226	0	5942
227	0	5981
228	0	6020
229	0	6060
230	0	6100
231	0	6139
232	0	6178
233	0	6219
234	0	6260
235	0	6302
236	0	6344
237	0	6384
238	0	6424
239	0	6464
240	0	6504
241	0	6545
242	0	6586
243	0	6626
244	0	6666
245	0	6707
246	0	6748
247	0	6790
248	0	6832
249	0	6873
250	0	6914
251	0	6956
252	0	6998
253	0	7040
254	0	7082
255	0	7125
256	0	7168
257	0	7203
258	0	7238
259	0	7273
260	0	7308
261	0	7344
262	0	7380
263	0	7415
264	0	7450
265	0	7487
266	0	7524
267	0	7560
268	0	7596
269	0	7632
270	0	7668
271	0	7703
272	0	7738
273	0	7777
274	0	7816
275	0	7854
276	0	7892
277	0	7931
278	0	7970
279	0	8009
280	0	8048
281	0	8085
282	0	8122
283	0	8160
284	0	8198
285	0	8236
286	0	8274
287	0	8313
288	0	8352
289	0	8389
290	0	8426
291	0	8462
292	0	8498
293	0	8536
294	0	8574
295	0	8611
296	0	8648
297	0	8687
298	0	8726
299	0	8765
300	0	8804
301	0	8841
302	0	8878
303	0	8916
304	0	8954
305	0	8994
306	0	9034
307	0	9074
308	0	9114
309	0	9153
310	0	9192
311	0	9232
312	0	9272
313	0	9310
314	0	9348
315	0	9385
316	0	9422
317	0	9461
318	0	9500
319	0	9539
320	0	9578
321	0	9619
322	0	9660
323	0	9701
324	0	9742
325	0	9782
326	0	9822
327	0	9863
328	0	9904
329	0	9945
330	0	9986
331	0	10027
332	0	10068
333	0	10108
334	0	10148
335	0	10187
336	0	10226
337	0	10267
338	0	10308
339	0	10349
340	0	10390
341	0	10431
342	0	10472
343	0	10513
344	0	10554
345	0	10595
346	0	10636
347	0	10677
348	0	10718
349	0	10758
350	0	10798
351	0	10839
352	0	10880
353	0	10921
354	0	10962
355	0	11003
356	0	11044
357	0	11085
358	0	11126
359	0	11167
360	0	11208
361	0	11249
362	0	11290
363	0	11331
364	0	11372
365	0	11413
366	0	11454
367	0	11495
368	0	11536
369	0	11577
370	0	11618
371	0	11659
372	0	11700
373	0	11741
374	0	11782
375	0	11823
376	0	11864
377	0	11905
378	0	11946
379	0	11987
380	0	12028
381	0	12069
382	0	12110
383	0	12151
384	0	12192
385	0	12239
386	0	12286
387	0	12333
388	0	12380
389	0	12427
390	0	12474
391	0	12521
392	0	12568
393	0	12615
394	0	12662
395	0	12709
396	0	12756
397	0	12803
398	0	12850
399	0	12897
400	0	12944
401	0	12991
402	0	13038
403	0	13085
404	0	13132
405	0	13180
406	0	13228
407	0	13275
408	0	13322
409	0	13369
410	0	13416
411	0	13463
412	0	13510
413	0	13557
414	0	13604
415	0	13651
416	0	13698
417	0	13745
418	0	13792
419	0	13839
420	0	13886
421	0	13935
422	0	13984
423	0	14032
424	0	14080
425	0	14127
426	0	14174
427	0	14221
428	0	14268
429	0	14315
430	0	14362
431	0	14410
432	0	14458
433	0	14505
434	0	14552
435	0	14599
436	0	14646
437	0	14693
438	0	14740
439	0	14787
440	0	14834
441	0	14884
442	0	14934
443	0	14983
444	0	15032
445	0	15080
446	0	15128
447	0	15176
448	0	15224
449	0	15273
450	0	15322
451	0	15370
452	0	15418
453	0	15466
454	0	15514
455	0	15562
456	0	15610
457	0	15660
458	0	15710
459	0	15759
460	0	15808
461	0	15856
462	0	15904
463	0	15953
464	0	16002
465	0	16052
466	0	16102
467	0	16152
468	0	16202
469	0	16253
470	0	16304
471	0	16356
472	0	16408
473	0	16457
474	0	16506
475	0	16555
476	0	16604
477	0	16654
478	0	16704
479	0	16753
480	0	16802
481	0	16853
482	0	16904
483	0	16954
484	0	17004
485	0	17053
486	0	17102
487	0	17152
488	0	17202
489	0	17252
490	0	17302
491	0	17352
492	0	17402
493	0	17454
494	0	17506
495	0	17557
496	0	17608
497	0	17659
498	0	17710
499	0	17760
500	0	17810
501	0	17861
502	0	17912
503	0	17964
504	0	18016
505	0	18067
506	0	18118
507	0	18170
508	0	18222
509	0	18274
510	0	18326
511	0	18379
512	0	18432
513	0	18476
514	0	18520
515	0	18564
516	0	18608
517	0	18653
518	0	18698
519	0	18742
520	0	18786
521	0	18832
522	0	18878
523	0	18923
524	0	18968
525	0	19013
526	0	19058
527	0	19102
528	0	19146
529	0	19193
530	0	19240
531	0	19286
532	0	19332
533	0	19378
534	0	19424
535	0	19469
536	0	19514
537	0	19560
538	0	19606
539	0	19651
540	0	19696
541	0	19741
542	0	19786
543	0	19830
544	0	19874
545	0	19923
546	0	19972
547	0	20020
548	0	20068
549	0	20116
550	0	20164
551	0	20211
552	0	20258
553	0	20307
554	0	20356
555	0	20405
556	0	20454
557	0	20502
558	0	20550
559	0	20599
560	0	20648
561	0	20694
562	0	20740
563	0	20787
564	0	20834
565	0	20881
566	0	20928
567	0	20976
568	0	21024
569	0	21072
570	0	21120
571	0	21167
572	0	21214
573	0	21263
574	0	21312
575	0	21360
576	0	21408
577	0	21455
578	0	21502
579	0	21549
580	0	21596
581	0	21641
582	0	21686
583	0	21732
584	0	21778
585	0	21826
586	0	21874
587	0	21921
588	0	21968
589	0	22015
590	0	22062
591	0	22108
592	0	22154
593	0	22203
594	0	22252
595	0	22301
596	0	22350
597	0	22398
598	0	22446
599	0	22495
600	0	22544
601	0	22591
602	0	22638
603	0	22684
604	0	22730
605	0	22778
606	0	22826
607	0	22874
608	0	22922
609	0	22972
610	0	23022
611	0	23071
612	0	23120
613	0	23170
614	0	23220
615	0	23270
616	0	23320
617	0	23368
618	0	23416
619	0	23465
620	0	23514
621	0	23564
622	0	23614
623	0	23664
624	0	23714
625	0	23761
626	0	23808
627	0	23856
628	0	23904
629	0	23951
630	0	23998
631	0	24044
632	0	24090
633	0	24139
634	0	24188
635	0	24237
636	0	24286
637	0	24335
638	0	24384
639	0	24433
640	0	24482
641	0	24532
642	0	24582
643	0	24633
644	0	24684
645	0	24735
646	0	24786
647	0	24837
648	0	24888
649	0	24937
650	0	24986
651	0	25036
652	0	25086
