0.92617	0.54619
0.28897	0.10848
0.13836	0.64313
0.83675	0.17535
0.04055	0.20874
0.89941	0.59431
0.99147	0.11792
0.33522	0.14935
0.88953	0.42942
0.71588	0.89249
0.19741	0.45135
0.38403	0.56711
0.68303	0.96257
0.75651	0.29029
0.25670	0.39933
0.03438	0.77517
0.84991	0.37842
0.46819	0.93453
0.71288	0.12156
0.97895	0.98473
0.00117	0.28100
0.73833	0.24042
0.07501	0.12113
0.77122	0.59645
0.51022	0.29358
0.69607	0.49158
0.91473	0.77062
0.55630	0.76212
0.73012	0.68651
0.35764	0.34855
0.33369	0.72144
0.64265	0.47748
0.58221	0.60795
0.52379	0.27800
0.43733	0.77830
0.06337	0.71196
0.87728	0.37049
0.49513	0.16208
0.35974	0.91619
0.70031	0.98523
0.55721	0.57160
0.64786	0.15139
0.30102	0.12313
0.96513	0.00343
0.31801	0.38018
0.83756	0.60139
0.05708	0.46406
0.63635	0.90506
0.50913	0.04198
0.07245	0.37091
0.46851	0.72800
0.97085	0.86416
0.02383	0.98517
0.43237	0.86908
0.04016	0.25415
0.25722	0.69383
0.96629	0.89538
0.89710	0.90615
0.98272	0.67628
0.83717	0.60340
0.44525	0.34164
0.31370	0.76161
0.73731	0.19867
0.55481	0.53220
0.12208	0.28776
0.85919	0.52130
0.93955	0.47779
0.55924	0.85850
0.28762	0.44113
0.16154	0.81487
0.59935	0.58490
0.04956	0.11057
0.34048	0.01309
0.17978	0.22396
0.04371	0.37764
0.47577	0.25435
0.75100	0.63093
0.44537	0.03210
0.13058	0.21840
0.99726	0.63204
0.55179	0.02491
0.23878	0.12127
0.87219	0.90517
0.09325	0.13408
0.52559	0.16883
0.34143	0.10266
0.84433	0.75872
0.73570	0.83309
0.65976	0.99037
0.09267	0.19350
0.92864	0.42444
0.30534	0.60366
0.82379	0.79428
0.33534	0.60861
0.66077	0.48493
0.19945	0.13352
0.86010	0.31378
0.39808	0.45854
0.34336	0.51882
0.47518	0.39626
0.60899	0.20951
0.92774	0.07439
0.30997	0.08326
0.61612	0.18779
0.58121	0.96761
0.68055	0.71331
0.78904	0.33882
0.03271	0.47762
0.03014	0.30524
0.07838	0.07640
0.54916	0.66420
0.14251	0.59843
0.79647	0.67825
0.15133	0.72810
0.55808	0.25686
0.78347	0.24289
0.13458	0.09518
0.77706	0.65896
0.86237	0.34989
0.79244	0.33265
0.50444	0.13752
0.16581	0.57013
0.21389	0.82115
0.76456	0.39400
0.97612	0.66400
0.18963	0.50139
0.56850	0.72021
0.32679	0.83268
0.45396	0.30235
0.43733	0.56827
0.86582	0.58696
0.76376	0.84580
0.28112	0.18042
0.13616	0.58319
0.82927	0.62576
0.57692	0.46828
0.73806	0.62869
0.82891	0.41177
0.55613	0.37215
0.56540	0.64470
0.27519	0.69808
0.91180	0.50490
0.36124	0.74383
0.12259	0.36949
0.85845	0.89597
0.82668	0.94002
0.33349	0.55181
0.89499	0.13366
0.72181	0.24688
0.57397	0.76564
0.47881	0.94188
0.60682	0.00611
0.92215	0.03653
0.43744	0.03658
0.48677	0.90673
0.99027	0.10431
0.50817	0.27799
0.12005	0.39373
0.21018	0.38835
0.10266	0.38449
0.23239	0.18686
0.48221	0.17404
0.39977	0.85973
0.64366	0.44741
0.29254	0.55206
0.81907	0.63605
0.50750	0.08096
0.03759	0.54972
0.48985	0.97031
0.43383	0.27566
0.62137	0.73540
0.73254	0.89785
0.74333	0.83578
0.78036	0.19883
0.56780	0.51392
0.08497	0.60282
0.62588	0.62250
0.40392	0.36213
0.13785	0.27484
0.92043	0.99787
0.50709	0.62533
0.68627	0.57436
0.77806	0.39897
0.36468	0.81160
0.74660	0.18691
0.69133	0.69549
0.61222	0.40379
0.36162	0.33263
0.81504	0.67473
0.50610	0.99902
0.25316	0.00908
0.01216	0.61737
0.04152	0.42738
0.55093	0.25975
0.91491	0.13397
0.50389	0.93855
0.34457	0.39222
0.71412	0.57796
0.88480	0.85888
0.98481	0.25539
0.73760	0.64186
0.33426	0.18647
0.64269	0.92022
0.66579	0.58349
0.61290	0.40365
0.67780	0.87297
0.77297	0.53582
0.67633	0.62663
0.97778	0.34010
0.90328	0.60983
0.23605	0.03376
0.25167	0.44689
0.98549	0.93566
0.01971	0.12462
0.69033	0.92646
0.38762	0.28351
0.93930	0.55142
0.34717	0.42891
0.76245	0.40321
0.82960	0.67155
0.31401	0.29276
0.12064	0.69771
0.29961	0.85670
0.79497	0.31054
0.86670	0.77334
0.43112	0.45115
0.31195	0.38281
0.22274	0.42998
0.83344	0.24530
0.60143	0.07454
0.06395	0.71945
0.30292	0.93460
0.12327	0.40157
0.51305	0.64672
0.59753	0.84812
0.10141	0.83254
0.03921	0.42754
0.36683	0.98997
0.92902	0.79796
0.06744	0.29698
0.61072	0.33539
0.27336	0.95396
0.95196	0.90732
0.31568	0.11378
0.23040	0.93718
0.91916	0.06327
0.84557	0.23745
0.19470	0.21915
0.22319	0.13273
0.11666	0.19338
0.35603	0.00952
0.66175	0.99204
0.91534	0.90449
0.81690	0.31935
0.00001	0.47379
0.33781	0.02753
0.89489	0.59176
0.85414	0.89505
0.67025	0.75252
0.17538	0.02118
0.46899	0.40993
0.90478	0.15980
0.99990	0.30178
0.24218	0.09982
0.01057	0.31643
0.09175	0.05494
0.74163	0.56548
0.93611	0.77417
0.69376	0.31605
0.85913	0.69289
0.84026	0.53956
0.16137	0.10260
0.43067	0.52540
0.47328	0.84840
0.15194	0.35543
0.80518	0.35701
0.57841	0.54992
0.24029	0.14027
0.69689	0.75939
0.80368	0.15557
0.68790	0.25728
0.38034	0.77914
0.65179	0.56941
0.71894	0.77203
0.27704	0.18124
0.48808	0.02504
0.43449	0.32864
0.49193	0.33773
0.86513	0.19366
0.17065	0.95121
0.89244	0.96267
0.62574	0.23328
0.79237	0.58040
0.58754	0.14684
0.94096	0.41803
0.06653	0.12268
0.59663	0.40610
0.76424	0.32650
0.40057	0.09802
0.71660	0.01131
0.21533	0.78175
0.65168	0.00616
0.87063	0.73167
0.50459	0.25084
0.05396	0.65657
0.42453	0.80832
0.79455	0.46884
0.32115	0.07696
0.04511	0.23481
0.55189	0.74958
0.59336	0.68205
0.19072	0.58805
0.24029	0.73772
0.59168	0.87203
0.12005	0.93671
0.64483	0.95301
0.28551	0.78950
0.51556	0.53381
0.91589	0.11082
0.45177	0.51187
0.65815	0.95679
0.51645	0.72727
0.88235	0.76917
0.13963	0.54317
0.66767	0.89319
0.45670	0.22332
0.77583	0.29432
0.31515	0.45825
0.53987	0.10720
0.59257	0.30636
0.03230	0.51985
0.96543	0.74205
0.91394	0.04088
0.33884	0.08381
0.04749	0.92243
0.95837	0.07867
0.99677	0.46680
0.40394	0.15579
0.41518	0.90560
0.92214	0.56661
0.56809	0.43784
0.59184	0.36366
0.84948	0.73407
0.46950	0.87418
0.99376	0.82338
0.61567	0.86935
0.49563	0.03542
0.56392	0.27312
0.64186	0.30013
0.11474	0.94472
0.89188	0.89649
0.55825	0.67007
0.02001	0.80030
0.97546	0.21485
0.66759	0.37413
0.02336	0.04862
0.15285	0.83913
0.33734	0.94901
0.52754	0.45696
0.06632	0.41344
0.97853	0.78265
0.89476	0.39470
0.43492	0.40257
0.80708	0.44644
0.04965	0.20052
0.98200	0.93673
0.52130	0.36213
0.89245	0.91623
0.63686	0.59458
0.21784	0.17513
0.66005	0.80060
0.74589	0.02437
0.06992	0.17613
0.65482	0.79587
0.08719	0.59543
0.03451	0.44383
0.26449	0.39109
0.46794	0.96959
0.98363	0.06202
0.56546	0.83260
0.47138	0.22676
0.44135	0.80926
0.49875	0.30654
0.51689	0.99665
0.32068	0.08010
0.01553	0.45323
0.12435	0.70239
0.71872	0.02532
0.06762	0.87782
0.32073	0.15773
0.10184	0.64180
0.06690	0.15765
0.08076	0.55303
0.91275	0.62448
0.00099	0.43334
0.50448	0.53010
0.44442	0.58978
0.65485	0.06641
0.54185	0.12297
0.47909	0.95688
0.61556	0.55277
0.98651	0.12210
0.69619	0.95648
0.22210	0.97903
0.52683	0.14890
0.25659	0.00230
0.70869	0.82055
0.83066	0.97519
0.82909	0.60865
0.33192	0.61927
0.57733	0.25306
0.87541	0.91768
0.31217	0.52073
0.92443	0.79932
0.20973	0.58100
0.50171	0.44479
0.87255	0.33509
0.22699	0.97889
0.66823	0.09621
0.84629	0.56976
0.58393	0.50589
0.83028	0.55714
0.32559	0.85098
0.92044	0.81339
0.54008	0.05212
0.94223	0.18766
0.50447	0.83166
0.75757	0.36044
0.35283	0.82425
0.48501	0.42554
0.29755	0.63471
0.22257	0.26795
0.60278	0.16984
0.52045	0.02264
0.18242	0.99271
0.80443	0.90050
0.34713	0.87233
0.99400	0.43573
0.33056	0.21744
0.99946	0.23166
0.58239	0.27507
0.20259	0.17104
0.48971	0.39850
0.32601	0.50862
0.30463	0.95626
0.85544	0.13387
0.48574	0.49992
0.61662	0.21237
0.47646	0.24191
0.96134	0.76235
0.31619	0.55438
0.72569	0.94310
0.20863	0.36634
0.81114	0.47613
0.99049	0.29246
0.47495	0.44859
0.82355	0.98804
0.47355	0.42763
0.54435	0.63091
0.67564	0.75695
0.08511	0.35916
0.74149	0.21892
0.19250	0.20244
0.34089	0.27243
0.33711	0.47449
0.97268	0.40148
0.15548	0.35964
0.80151	0.81593
0.43783	0.38984
0.50789	0.51798
0.40062	0.50761
0.55207	0.08461
0.45508	0.88301
0.62094	0.16373
0.20471	0.61931
0.12208	0.62505
0.34862	0.78879
0.65215	0.92583
0.84240	0.97415
0.67377	0.18024
0.80499	0.03831
0.12239	0.60978
0.36502	0.23649
0.72747	0.46363
0.57580	0.58028
0.02979	0.96001
0.58984	0.40077
0.97702	0.17769
0.70045	0.09695
0.92315	0.51683
0.35268	0.45641
0.11589	0.59494
0.60284	0.41572
0.67411	0.12298
0.69661	0.53799
0.37010	0.39439
0.19246	0.05737
0.76197	0.92470
0.83036	0.52018
0.38341	0.74115
0.63440	0.81849
0.81024	0.43415
0.50389	0.45974
0.21427	0.15428
0.62418	0.22043
0.47073	0.53249
0.71010	0.56485
0.64344	0.78380
0.36509	0.13995
0.65242	0.37352
0.55751	0.81897
0.69227	0.52333
0.53382	0.22322
0.20657	0.91770
0.63351	0.30759
0.32866	0.32949
0.02376	0.40022
0.87313	0.89514
0.15981	0.98235
0.66883	0.58577
0.97597	0.28570
0.95606	0.21556
0.44589	0.59725
0.12534	0.79606
0.99582	0.80492
0.72615	0.45041
0.80213	0.41012
0.41121	0.61795
0.45277	0.57431
0.47479	0.85790
0.48238	0.43894
0.10755	0.80309
0.95906	0.35863
0.68432	0.48233
0.64869	0.51095
0.24183	0.08266
0.75464	0.66336
0.80769	0.51782
0.76416	0.19232
0.94127	0.71637
0.39446	0.16432
0.45020	0.10442
0.08579	0.27151
0.24539	0.02305
0.48642	0.45808
0.60670	0.78212
0.89394	0.69200
0.66511	0.10359
0.58519	0.82497
0.19808	0.96930
0.38285	0.50036
0.90044	0.89644
0.21309	0.20075
0.76654	0.38589
0.78790	0.55218
0.50591	0.25249
0.95031	0.78922
0.25397	0.73427
0.80257	0.74217
0.70384	0.86066
0.73131	0.62628
0.66939	0.37544
0.39134	0.89381
0.97072	0.56701
0.30679	0.54997
0.87834	0.16889
0.53379	0.75557
0.53790	0.79933
0.22385	0.30599
0.54936	0.28418
0.52308	0.26913
0.21168	0.27148
0.99501	0.86129
0.13282	0.91256
0.19378	0.94547
0.66921	0.31919
0.02087	0.06530
0.55735	0.23317
0.58421	0.15238
0.90084	0.37847
0.38564	0.04608
0.98797	0.07718
0.37395	0.06950
0.81726	0.62120
0.27898	0.97790
0.13630	0.09288
0.40671	0.10659
0.87471	0.36477
0.18044	0.11194
0.29795	0.64017
0.72447	0.73513
0.50551	0.33856
0.29764	0.83673
0.90219	0.96284
0.90216	0.23962
0.28372	0.58708
0.18067	0.25856
0.42365	0.90779
0.33412	0.20941
0.58690	0.60137
0.89342	0.53453
0.14065	0.65164
0.95194	0.01899
0.35780	0.14967
0.14989	0.41989
0.37682	0.89575
0.28331	0.50920
0.23687	0.67711
0.29968	0.68029
0.18352	0.20540
0.39850	0.99527
0.89259	0.95277
0.29801	0.19748
0.70302	0.54859
0.94968	0.58766
0.76510	0.20098
0.85365	0.67659
0.87663	0.77721
0.10392	0.54841
0.26296	0.37329
0.16310	0.06008
0.61411	0.14786
0.11940	0.23282
0.72782	0.23026
0.85623	0.79458
0.91428	0.56295
0.91604	0.41341
0.21160	0.01629
0.11900	0.43488
0.32511	0.65545
0.88064	0.82626
0.72124	0.37326
0.63224	0.99018
0.11267	0.65944
0.88435	0.12046
0.28173	0.67130
0.56760	0.03805
0.25544	0.47634
0.94566	0.34577
0.91611	0.46534
0.30696	0.59292
0.08721	0.85529
0.21830	0.11016
0.87207	0.76287
0.97901	0.86228
0.43591	0.00912
0.51457	0.61936
0.98403	0.05532
0.48175	0.36618
0.21884	0.56628
0.20439	0.38569
0.61731	0.47854
0.77921	0.90957
0.83644	0.10620
0.36114	0.26438
0.20427	0.85220
0.93453	0.43796
0.77564	0.72406
0.12541	0.13325
0.99444	0.71350
0.18674	0.47361
0.02915	0.68489
0.65373	0.36721
0.02493	0.65408
0.72799	0.81941
0.45693	0.36591
0.27446	0.90749
0.75199	0.08142
0.52998	0.70972
0.64474	0.48464
0.25222	0.09848
0.84164	0.93583
0.25562	0.95538
0.32897	0.66935
0.03680	0.49018
0.10454	0.33281
0.96280	0.88451
0.53692	0.53352
0.93253	0.18990
0.93893	0.05239
0.72818	0.88734
0.79452	0.82846
0.63974	0.22619
0.01680	0.57382
0.83952	0.01872
0.80610	0.18060
0.97816	0.50795
0.84551	0.56346
0.35011	0.45729
0.51764	0.80541
0.23029	0.46246
0.86885	0.86632
0.57813	0.12643
0.14059	0.82034
0.71277	0.48784
0.38576	0.69225
0.85221	0.56120
0.61689	0.13508
0.55469	0.27097
0.87076	0.31239
0.94958	0.41987
0.33952	0.12217
0.70437	0.73609
0.62394	0.28822
0.04538	0.06407
0.38985	0.96037
0.67809	0.71618
0.39703	0.47148
0.85990	0.82800
0.72770	0.14039
0.04692	0.27563
0.76459	0.27552
0.89619	0.16269
0.89278	0.15746
0.41967	0.06314
0.87521	0.84973
0.38473	0.53591
0.15214	0.99021
0.90449	0.42170
0.04315	0.72050
0.85053	0.47845
0.17783	0.83762
0.36891	0.98030
0.59774	0.84462
0.44198	0.86247
0.10955	0.88606
0.24635	0.09406
0.82157	0.12165
0.48973	0.59031
0.11286	0.55075
0.59039	0.81573
0.68822	0.56633
0.82449	0.29655
0.12322	0.85508
0.59030	0.84986
0.22668	0.01140
0.59054	0.82910
0.95165	0.57120
0.41180	0.36464
0.95586	0.31454
0.74720	0.62083
0.00210	0.04213
0.01540	0.02087
0.90909	0.75230
0.30309	0.50499
0.71024	0.18759
0.97975	0.17982
0.44501	0.94770
0.44519	0.03840
0.29906	0.03586
0.81553	0.54219
0.48599	0.86253
0.62315	0.21924
0.00455	0.06669
0.14171	0.14849
0.25719	0.73056
0.99707	0.66146
0.51813	0.58694
0.85089	0.29793
0.09532	0.47403
0.55994	0.57659
0.02865	0.15207
0.42957	0.57166
0.44562	0.48922
0.29237	0.33276
0.21950	0.72236
0.82186	0.34737
0.35480	0.39883
0.36847	0.30376
0.28937	0.36844
0.44431	0.52049
0.45934	0.51367
0.85766	0.96297
0.74960	0.58494
0.61400	0.45108
0.26348	0.27837
0.18707	0.30578
0.13477	0.97049
0.24843	0.32901
0.96780	0.93706
0.74805	0.21831
0.73174	0.37285
0.83571	0.30621
0.56994	0.56745
0.50469	0.42637
0.05582	0.28552
0.63074	0.66016
0.26740	0.87844
0.39734	0.33647
0.20200	0.53332
0.53977	0.95370
0.22078	0.37798
0.26538	0.05876
0.71902	0.74330
0.37215	0.17560
0.84762	0.17757
0.52988	0.47526
0.37362	0.32284
0.25584	0.77805
0.09656	0.34307
0.63497	0.33933
0.53674	0.08348
0.58221	0.86006
0.42202	0.23605
0.20343	0.56977
0.15258	0.62224
0.32537	0.32240
0.50218	0.54750
0.51054	0.66506
0.02911	0.44686
0.25051	0.28843
0.61082	0.99278
0.79348	0.29584
0.83200	0.85529
0.29410	0.84112
0.51862	0.87388
0.26507	0.13948
0.07476	0.88929
0.24237	0.30319
0.04353	0.39395
0.15095	0.29900
0.59805	0.01050
0.63741	0.05864
0.56759	0.58796
0.37573	0.61849
0.25774	0.39924
0.83033	0.70841
0.43407	0.00849
0.04719	0.17789
0.89508	0.31661
0.17793	0.66614
0.98605	0.71436
0.31312	0.60111
0.82990	0.31013
0.69734	0.45405
0.11820	0.15951
0.99533	0.85716
0.21633	0.22384
0.74765	0.08721
0.61651	0.05765
0.84534	0.85945
0.16652	0.99361
0.97126	0.12969
0.14175	0.92479
0.52055	0.82532
0.14536	0.21865
0.56109	0.40876
0.82397	0.18889
0.57132	0.14954
0.23796	0.67686
0.80244	0.99386
0.68144	0.13900
0.12761	0.34533
0.79375	0.29752
0.68802	0.23641
0.49575	0.33931
0.03981	0.39481
0.56932	0.08335
0.25106	0.85814
0.57856	0.18900
0.20007	0.47634
0.29017	0.93826
0.59144	0.79656
0.44626	0.72823
0.67966	0.11744
0.31411	0.33765
0.80655	0.54268
0.43055	0.12685
0.69498	0.79013
0.33289	0.23068
0.85084	0.10526
0.33344	0.14772
0.65010	0.05757
0.02567	0.95921
0.58143	0.65124
0.99784	0.42330
0.76679	0.26046
0.08525	0.84973
0.53265	0.71806
0.55503	0.90604
0.48650	0.77930
0.56879	0.37450
0.72665	0.38874
0.56372	0.27570
0.29352	0.66014
0.65968	0.23496
0.32011	0.62292
0.08631	0.41742
0.21689	0.87259
0.49376	0.03196
0.31326	0.50526
0.79112	0.33845
0.45509	0.26275
0.73945	0.34865
0.09381	0.94762
0.72752	0.05130
0.94473	0.85965
0.54035	0.61367
0.76993	0.08454
0.34956	0.44007
0.46683	0.51212
0.09079	0.99151
0.13599	0.54580
0.79556	0.53028
0.04046	0.03002
0.33248	0.12693
0.05652	0.04594
0.37570	0.41534
0.31826	0.39892
0.18254	0.47022
0.21621	0.47551
0.58468	0.00824
0.72479	0.10563
0.03527	0.37028
0.73892	0.44056
0.76766	0.83642
0.51148	0.29574
0.64318	0.69610
0.29396	0.82741
0.20070	0.15808
0.04669	0.93902
0.01414	0.60000
0.70300	0.06936
0.79955	0.40505
0.44497	0.45260
0.96603	0.66859
0.23967	0.10876
0.80989	0.38368
0.46604	0.90316
0.26377	0.16961
0.18866	0.40069
0.96394	0.12666
0.35503	0.20907
0.87729	0.33065
0.67040	0.11256
0.91264	0.57299
0.87421	0.65693
0.49892	0.01727
0.62918	0.00989
0.70704	0.92821
0.15024	0.93417
0.00985	0.70880
0.65073	0.57886
0.14033	0.59815
0.66888	0.89295
0.40156	0.38478
0.26758	0.02971
0.32519	0.51979
0.30058	0.79701
0.36993	0.29392
0.47623	0.14494
0.38196	0.95203
0.93257	0.72249
0.60726	0.12523
0.15235	0.78077
0.21531	0.52705
0.38643	0.71450
0.33481	0.70733
0.18570	0.93601
0.70505	0.66135
0.14180	0.44573
0.60710	0.05762
0.40063	0.93769
0.73478	0.28294
0.00408	0.95773
0.90104	0.95385
0.16814	0.52564
0.90347	0.24206
0.34259	0.58025
0.29963	0.76849
0.34723	0.58098
0.80996	0.64480
0.05650	0.20708
0.85809	0.89038
0.95039	0.49779
0.18023	0.01838
0.25697	0.05888
0.05530	0.60104
0.58785	0.36743
0.69392	0.80818
0.07924	0.91997
0.98059	0.02149
0.98061	0.12730
0.30268	0.68428
0.43621	0.90821
0.74300	0.58050
0.36034	0.02835
0.98732	0.79477
0.42614	0.06806
0.38561	0.91888
0.63896	0.75097
0.80278	0.62911
0.50263	0.26250
0.03857	0.77373
0.54818	0.20797
0.64700	0.10614
0.70051	0.21290
0.68142	0.85192
0.61814	0.83763
0.70699	0.44753
0.10667	0.06460
0.10157	0.21615
0.52820	0.71191
0.60531	0.98543
0.76158	0.97083
0.89896	0.98297
0.72026	0.74978
0.58378	0.19900
0.98557	0.87141
0.87553	0.17611
0.40127	0.10147
0.08972	0.09167
0.61142	0.00878
0.16823	0.64867
0.21914	0.66758
0.99707	0.61302
0.76774	0.37190
0.62602	0.37138
0.71661	0.90003
0.10112	0.19852
0.66213	0.89756
0.22857	0.12067
0.03313	0.36048
0.79962	0.72342
0.22524	0.42822
0.94764	0.07858
0.56581	0.52288
0.98690	0.21175
0.05797	0.38107
0.77237	0.77542
0.81799	0.75497
0.83243	0.24981
0.63382	0.66911
0.46184	0.34067
0.97058	0.01858
0.23941	0.70102
0.44481	0.21002
0.42727	0.31726
0.60404	0.24004
0.65943	0.50070
0.79354	0.41143
0.77904	0.42817
0.10125	0.18092
0.12211	0.47229
0.16083	0.84098
0.26477	0.40431
0.77543	0.63672
0.34243	0.71602
0.07997	0.31398
0.62787	0.13080
0.64839	0.22115
0.26959	0.25297
0.49680	0.79862
0.74088	0.20878
0.91363	0.15412
0.31601	0.39003
0.20086	0.91210
0.12203	0.55924
0.24695	0.99616
0.00279	0.63716
0.21271	0.51758
0.80311	0.21625
0.83596	0.19700
0.22579	0.69851
0.15048	0.24604
0.71384	0.95680
0.88100	0.22576
0.14808	0.46481
0.22105	0.47644
0.52780	0.88318
0.79673	0.12184
0.71788	0.74770
0.21345	0.01228
0.64044	0.84821
0.92245	0.01487
0.64269	0.72422
0.04530	0.03950
0.38602	0.19309
0.21255	0.75623
0.09210	0.59192
0.76625	0.85117
0.19410	0.43877
0.98474	0.34437
0.53150	0.93785
0.75589	0.21279
0.05239	0.32227
0.79571	0.75997
0.51818	0.85982
0.76012	0.41379
0.26910	0.80817
0.56461	0.04301
0.59540	0.42158
0.74284	0.63243
0.07761	0.34702
0.52051	0.27694
0.83205	0.13816
0.14366	0.47547
0.94239	0.88373
0.04321	0.24305
0.20230	0.39099
0.54734	0.80169
0.96615	0.16096
0.76556	0.54018
0.42642	0.00792
0.02161	0.70168
0.91956	0.80004
0.97054	0.11073
0.51390	0.10481
0.26974	0.65261
0.62400	0.32541
0.40979	0.03888
0.37327	0.39347
0.42613	0.95879
0.67796	0.70162
0.33806	0.13078
0.24629	0.95465
0.38238	0.08790
0.33634	0.67012
0.50129	0.33972
0.33614	0.28110
0.35763	0.74384
0.46342	0.96088
0.67229	0.33915
0.48906	0.74066
0.99257	0.47026
0.54659	0.58850
0.71109	0.16513
0.03985	0.00672
0.35220	0.53409
0.18744	0.21065
0.35012	0.60096
0.57999	0.37412
0.29797	0.82631
0.69984	0.08239
0.23525	0.94241
0.10653	0.82266
0.83383	0.59224
0.31839	0.31866
0.19789	0.96205
0.33043	0.28793
0.70046	0.97208
0.89792	0.54539
0.84594	0.77924
0.77641	0.36239
0.40744	0.30571
0.83291	0.29656
0.61379	0.77959
0.30586	0.81853
0.89152	0.27068
0.04255	0.16967
0.82785	0.11987
0.09637	0.60007
0.53632	0.48164
0.07238	0.21648
0.66412	0.64023
0.42904	0.63928
0.70418	0.59616
0.36334	0.19270
0.82815	0.04183
0.91378	0.49718
0.57779	0.59175
0.40018	0.52524
0.51818	0.19517
0.79391	0.78506
0.17941	0.60705
0.97145	0.24758
0.67920	0.54941
0.47669	0.04797
0.08269	0.38024
0.19787	0.92105
0.17488	0.45605
0.93528	0.06679
0.86985	0.14735
0.90978	0.11164
0.64832	0.65428
0.31448	0.36395
0.77214	0.08269
0.42146	0.48347
0.82050	0.70134
0.45824	0.99657
0.23779	0.59091
0.82346	0.70666
0.70205	0.05731
0.02790	0.60570
0.17007	0.99354
0.24125	0.37354
0.64605	0.69578
0.77952	0.27674
0.72863	0.26035
0.54933	0.94823
0.89756	0.31535
0.58715	0.05748
0.10227	0.45517
0.05528	0.24414
0.03522	0.03564
0.30463	0.30895
0.22779	0.31102
0.97038	0.76527
0.55437	0.56472
0.50563	0.88551
0.35546	0.63535
0.18176	0.47372
0.29959	0.14482
0.59750	0.32169
0.64035	0.91810
0.02630	0.96241
0.33342	0.22709
0.88466	0.76991
0.24994	0.96018
0.42567	0.75370
0.31650	0.25049
0.08617	0.00120
0.66588	0.92640
0.94894	0.90644
0.35795	0.21272
0.03933	0.03146
0.57027	0.93330
0.17808	0.48292
0.92901	0.85468
0.80481	0.78180
0.22895	0.41827
0.58851	0.88060
0.15206	0.07391
0.58732	0.78326
0.87064	0.30770
0.13407	0.89717
0.87712	0.43791
0.55314	0.52934
0.55393	0.74367
0.64498	0.22150
0.52608	0.13915
0.40223	0.37469
0.48315	0.03202
0.60299	0.40946
0.01792	0.89190
0.11651	0.51605
0.62689	0.94630
0.78074	0.66253
0.93446	0.80192
0.53747	0.81660
0.22828	0.66533
0.52876	0.61373
0.09548	0.85879
0.92240	0.86091
0.20788	0.86843
0.38438	0.14163
0.37548	0.82325
0.13323	0.47974
0.06572	0.20059
0.98038	0.83075
0.88525	0.09172
0.70782	0.12081
0.13425	0.56281
0.20954	0.04851
0.35974	0.87352
0.13680	0.26588
0.60848	0.41965
0.09147	0.66152
0.37752	0.12483
0.72077	0.95351
0.53513	0.99179
0.87537	0.36064
0.73667	0.63501
0.03884	0.42448
0.58135	0.97167
0.53445	0.61169
0.65536	0.37101
0.28158	0.16074
0.57863	0.44262
0.72003	0.30751
0.65438	0.32624
0.30921	0.70073
0.48342	0.98988
0.88778	0.22665
0.61763	0.04246
0.27657	0.22693
0.60693	0.75130
0.92144	0.86166
0.00459	0.03554
0.65198	0.86407
0.26801	0.83929
0.85602	0.00206
0.37889	0.79705
0.85860	0.61477
0.37250	0.32790
0.17340	0.67575
0.67615	0.14789
0.27565	0.71170
0.48873	0.80851
0.91894	0.73860
0.15175	0.41025
0.84380	0.07271
0.18091	0.08043
0.82855	0.91231
0.04219	0.43436
0.39555	0.64324
0.68994	0.58737
0.21403	0.29109
0.54848	0.99782
0.97592	0.66616
0.20663	0.73276
0.82404	0.75829
0.27070	0.88658
0.28356	0.75084
0.72345	0.33911
0.34127	0.05345
0.36712	0.62325
0.06809	0.31187
0.10970	0.47530
0.53888	0.40571
0.71728	0.21691
0.61408	0.18041
0.98463	0.19470
0.62828	0.13631
0.78839	0.36870
0.61162	0.05249
0.49091	0.50907
0.48982	0.83205
0.16451	0.98307
0.52638	0.62495
0.80434	0.15551
0.95414	0.36831
0.39000	0.25513
0.41448	0.40010
0.51968	0.61789
0.67730	0.94090
0.01150	0.72530
0.25180	0.96588
0.00835	0.45582
0.41282	0.04785
0.14467	0.55800
0.97103	0.66185
0.51871	0.45489
0.60664	0.32302
0.23631	0.33455
0.05001	0.36214
0.05494	0.05508
0.11396	0.93480
0.31133	0.55511
0.31958	0.30438
0.93965	0.21325
0.40319	0.96792
0.21472	0.95926
0.38566	0.23136
0.26941	0.00475
0.69840	0.15422
0.33290	0.71147
0.30235	0.99981
0.78209	0.22656
0.74089	0.93023
0.04077	0.42829
0.61919	0.12340
0.55151	0.84021
0.26634	0.56294
0.71814	0.24172
0.18787	0.36102
0.89504	0.02973
0.32626	0.48396
0.05293	0.50887
0.58389	0.44808
0.93176	0.23719
0.64908	0.41296
0.18812	0.21121
0.29796	0.09828
0.72736	0.00975
0.80497	0.31466
0.45157	0.24378
0.46258	0.49310
0.29712	0.62292
0.17032	0.88697
0.37792	0.36667
0.42137	0.59729
0.06568	0.09138
0.02109	0.73654
0.94073	0.09087
0.18907	0.63851
0.61167	0.50247
0.65070	0.99794
0.90210	0.86834
0.83779	0.55302
0.64032	0.18346
0.29667	0.79595
0.80901	0.60169
0.79186	0.17966
0.82947	0.93786
0.88458	0.56340
0.89562	0.25984
0.97794	0.04402
0.11123	0.76050
0.16739	0.65597
0.92079	0.51730
0.77820	0.54179
0.88920	0.99430
0.13886	0.70577
0.91650	0.61211
0.40658	0.28927
0.16289	0.19226
0.70190	0.57873
0.59958	0.09381
0.99405	0.31692
0.17660	0.36770
0.64687	0.77996
0.25804	0.48863
0.22999	0.48016
0.54324	0.96061
0.65034	0.00381
0.99169	0.90574
0.46074	0.94206
0.78257	0.95988
0.71623	0.15552
0.43010	0.04471
0.05257	0.40095
0.58856	0.57837
0.90470	0.15792
0.97278	0.11972
0.67543	0.86607
0.00880	0.34434
0.91173	0.04179
0.35494	0.59405
0.55211	0.94862
0.07855	0.37815
0.36067	0.53849
0.47354	0.00362
0.24922	0.20030
0.82462	0.20663
0.03385	0.19030
0.16270	0.83503
0.54557	0.33247
0.59973	0.00018
0.36736	0.15479
0.18944	0.64795
0.66196	0.33587
0.36137	0.93814
0.53865	0.49264
0.54872	0.48068
0.34969	0.14754
0.34979	0.88200
0.76303	0.18584
0.30588	0.84435
0.74204	0.07300
0.48158	0.84262
0.59012	0.53994
0.23444	0.02033
0.88562	0.53512
0.16449	0.71012
0.20426	0.79209
0.57431	0.04194
0.86469	0.66096
0.89207	0.65991
0.85949	0.25781
0.88797	0.54470
0.54578	0.38409
0.01285	0.65121
0.64095	0.17319
0.52921	0.02648
0.64254	0.74682
0.71161	0.25956
0.86866	0.65285
0.76105	0.48402
0.85490	0.78178
0.54304	0.12221
0.64031	0.68259
0.81562	0.13055
0.03653	0.96125
0.70134	0.72461
0.80762	0.85329
0.26956	0.71040
0.56396	0.96528
0.78890	0.97120
0.35796	0.32615
0.27481	0.37598
0.14255	0.16585
0.54560	0.27562
0.63052	0.19032
0.38269	0.82131
0.31711	0.92781
0.77435	0.72228
0.49387	0.81044
0.41842	0.56047
0.29256	0.16601
0.71848	0.96962
0.83086	0.45038
0.23810	0.02790
0.45579	0.53694
0.78923	0.62348
0.70211	0.75257
0.44674	0.36182
0.51665	0.36107
0.59465	0.57926
0.61891	0.40016
0.42051	0.02547
0.39398	0.10081
0.13436	0.07637
0.03025	0.23931
0.61435	0.05818
0.29740	0.56692
0.97556	0.96398
0.44056	0.18443
0.09247	0.50938
0.97084	0.06497
0.96844	0.27004
0.70537	0.32364
0.86683	0.86686
0.47137	0.55446
0.51194	0.14380
0.93430	0.08911
0.00836	0.89776
0.71799	0.05176
0.63091	0.10589
0.88876	0.81487
0.96570	0.83394
0.16174	0.14233
0.37117	0.59745
0.22652	0.16161
0.96856	0.86933
0.31148	0.52487
0.67053	0.74435
0.44966	0.82022
0.58522	0.12635
0.10134	0.73860
0.77693	0.61594
0.98172	0.74251
0.40247	0.80050
0.15096	0.44081
0.00720	0.56866
0.77116	0.44380
0.21402	0.88728
0.60515	0.89545
0.95487	0.30482
0.25873	0.19389
0.60590	0.27541
0.80882	0.70702
0.14575	0.21963
0.99056	0.23895
0.97502	0.78538
0.71033	0.83218
0.52191	0.29473
0.75309	0.01900
0.59249	0.86117
0.27369	0.93613
0.39087	0.15633
0.70774	0.79528
0.31581	0.68717
0.07666	0.12354
0.29854	0.44087
0.70506	0.22738
0.65719	0.18695
0.29458	0.16565
0.37118	0.40227
0.57330	0.53444
0.62240	0.25417
0.54751	0.21951
0.72312	0.03641
0.24117	0.14417
0.38195	0.43898
0.58729	0.33979
0.80493	0.80799
0.92574	0.20303
0.07514	0.37396
0.39709	0.30629
0.28856	0.07428
0.39696	0.88887
0.07252	0.22146
0.87053	0.28250
0.09596	0.10131
0.03802	0.50792
0.15883	0.74927
0.49229	0.43319
0.80363	0.82260
0.74712	0.80653
0.03590	0.09275
0.47775	0.95974
0.15079	0.00600
0.15167	0.02775
0.77364	0.29246
0.40695	0.13852
0.35875	0.01711
0.32751	0.02358
0.43295	0.75471
0.88624	0.11479
0.93513	0.22788
0.49492	0.43165
0.68000	0.18104
0.63822	0.73723
0.54868	0.44646
0.67264	0.98107
0.30950	0.77904
0.02566	0.86688
0.04877	0.36798
0.68454	0.60847
0.96767	0.07756
0.22045	0.70490
0.61883	0.13057
0.23917	0.39907
0.47262	0.03973
0.28044	0.83017
0.60022	0.53841
0.14662	0.01310
0.61915	0.77924
0.36887	0.37081
0.29146	0.33077
0.51104	0.16009
0.35467	0.29564
0.98406	0.44194
0.13566	0.45197
0.44265	0.08349
0.45661	0.02727
0.94854	0.21995
0.06926	0.90559
0.73523	0.48551
0.84341	0.50252
0.94549	0.80369
0.64957	0.22203
0.56212	0.54259
0.41068	0.59442
0.89403	0.39625
0.35114	0.46171
0.14764	0.46874
0.45537	0.13964
0.89301	0.30130
0.75609	0.69298
0.41121	0.27434
0.25717	0.94201
0.10852	0.75968
0.12331	0.29879
0.72548	0.26827
0.51058	0.31654
0.02584	0.74769
0.22808	0.37839
0.89165	0.44745
0.56162	0.40879
0.79841	0.09623
0.99299	0.52189
0.52010	0.57289
0.49449	0.27335
0.27635	0.56146
0.38997	0.13622
0.75218	0.63502
0.16369	0.11209
0.48723	0.53626
0.98646	0.78734
0.29408	0.78441
0.01120	0.49024
0.48386	0.01942
0.80129	0.48764
0.34160	0.59397
0.53300	0.96629
0.76468	0.08422
0.83600	0.01172
0.84970	0.99962
0.32856	0.46151
0.17657	0.86670
0.73131	0.88411
0.56087	0.77270
0.55648	0.56005
0.61127	0.17256
0.46891	0.68910
0.67513	0.98745
0.41801	0.41219
0.55670	0.49530
0.70847	0.28271
0.94188	0.83987
0.13951	0.60870
0.26872	0.33148
0.20263	0.51997
0.21168	0.81193
0.18923	0.18965
0.73730	0.11565
0.20045	0.08586
0.58714	0.62914
0.23535	0.74227
0.06456	0.93282
0.60807	0.24150
0.59632	0.83886
0.26404	0.49894
0.42956	0.49243
0.48194	0.31618
0.38275	0.03740
0.48943	0.74104
0.46899	0.53939
0.59648	0.65062
0.12965	0.32349
0.87305	0.02229
0.78194	0.66669
0.61241	0.98131
0.41698	0.25122
0.42240	0.53942
0.81395	0.16668
0.57478	0.58963
0.72331	0.99124
0.84585	0.95856
0.51574	0.58691
0.58518	0.74364
0.32342	0.67574
0.89061	0.00530
0.58693	0.23953
0.38441	0.57449
0.84170	0.36086
0.23191	0.61601
0.25863	0.31438
0.00940	0.50267
0.90569	0.75921
0.30973	0.48132
0.46281	0.20188
0.45016	0.89598
0.47988	0.66092
0.93388	0.30870
0.06976	0.23648
0.69530	0.56009
0.91362	0.78623
0.75035	0.96142
0.54384	0.71738
0.33114	0.79729
0.26524	0.00952
0.53073	0.01640
0.80184	0.86436
0.12098	0.42931
0.18885	0.73017
0.03070	0.80723
0.80148	0.07858
0.39072	0.51449
0.04581	0.35118
0.12790	0.96368
0.80526	0.41743
0.66376	0.03087
0.90961	0.10294
0.12146	0.35094
0.48128	0.27793
0.71723	0.07717
0.65143	0.57544
0.18847	0.38442
0.63937	0.57112
0.16591	0.01535
0.75471	0.28186
0.35262	0.83670
0.65266	0.78240
0.58420	0.70740
0.24257	0.31823
0.52421	0.60826
0.37289	0.75668
0.48510	0.93887
0.07979	0.85139
0.86569	0.86023
0.92279	0.86363
0.40998	0.66899
0.90065	0.16893
0.31339	0.21890
0.79463	0.45508
0.20640	0.69990
0.78933	0.63344
0.02147	0.83260
0.19393	0.02914
0.01676	0.21620
0.76245	0.62169
0.84473	0.74330
0.31297	0.42028
0.91951	0.23878
0.36392	0.60351
0.44796	0.11300
0.95269	0.83247
0.54243	0.51139
0.11569	0.59455
0.12233	0.62343
0.93910	0.52762
0.12298	0.37660
0.31170	0.43679
0.96457	0.08550
0.87346	0.65416
0.22247	0.97970
0.93355	0.13353
0.04475	0.81313
0.43944	0.94519
0.36745	0.04227
0.17673	0.52184
0.17749	0.50454
0.09238	0.50776
0.18465	0.13487
0.43808	0.92215
0.53764	0.81253
0.95356	0.35094
0.82632	0.49925
0.01785	0.62561
0.61650	0.22159
0.58685	0.34817
0.65319	0.06281
0.96371	0.70391
0.30358	0.26999
0.33809	0.33726
0.30764	0.27169
0.65542	0.75836
0.54188	0.13781
0.94980	0.26941
0.11436	0.52743
0.05368	0.82069
0.89282	0.66334
0.47123	0.81797
0.64425	0.40170
0.08382	0.97545
0.02805	0.81033
0.18556	0.05394
0.84124	0.87831
0.52885	0.79357
0.47638	0.67021
0.14298	0.63387
0.69947	0.38721
0.12893	0.51103
0.47277	0.26186
0.56429	0.57904
0.89664	0.14646
0.15133	0.96710
0.65247	0.92076
0.96917	0.18648
0.45142	0.91428
0.88029	0.60413
0.83316	0.55476
0.07031	0.77334
0.56403	0.33179
0.53188	0.94977
0.63404	0.79895
0.13831	0.72396
0.27992	0.71658
0.66514	0.80441
0.39624	0.22884
0.06950	0.04207
0.01309	0.60784
0.86734	0.36760
0.66722	0.82623
0.45409	0.89685
0.17988	0.73652
0.28028	0.07334
0.65755	0.70892
0.93695	0.79005
0.90843	0.00024
0.98858	0.06770
0.77810	0.85063
0.45387	0.54198
0.95693	0.73402
0.07960	0.66797
0.36523	0.30234
0.92495	0.96189
0.10547	0.08868
0.20728	0.84198
0.53487	0.41610
0.52144	0.70496
0.76495	0.16762
0.90476	0.12721
0.75438	0.79437
0.33753	0.78767
0.64635	0.47797
0.81335	0.98802
0.00966	0.63027
0.39168	0.64234
0.70968	0.89193
0.36710	0.22568
0.27495	0.53386
0.25210	0.36145
0.80018	0.36795
0.98059	0.52749
0.67208	0.43960
0.06089	0.34997
0.08220	0.00561
0.12150	0.63568
0.81248	0.10389
0.29492	0.20479
0.19007	0.21071
0.57527	0.82334
0.47329	0.85331
0.34781	0.72996
0.75455	0.67882
0.43724	0.05331
0.69886	0.12908
0.96485	0.04770
0.51373	0.60251
0.95575	0.91629
0.74725	0.80618
0.85892	0.72416
0.96937	0.72109
0.43643	0.64133
0.76224	0.58132
0.68791	0.21018
0.97969	0.01379
0.95899	0.67098
0.08652	0.82044
0.48375	0.57856
0.73118	0.86825
0.17869	0.24752
0.22853	0.81565
0.98693	0.70150
0.19700	0.38864
0.82282	0.81682
0.18419	0.38878
0.74795	0.88535
0.42746	0.35222
0.93315	0.55949
0.38523	0.67536
0.12380	0.19364
0.23554	0.15084
0.69292	0.56372
0.81008	0.27363
0.59539	0.82707
0.72996	0.56228
0.52532	0.91229
0.70060	0.94550
0.75946	0.19739
0.12142	0.35911
0.79723	0.50274
0.46295	0.53694
0.10376	0.47671
0.45020	0.01258
0.42942	0.30769
0.05668	0.80842
0.52403	0.70673
0.20428	0.58730
0.37462	0.44136
0.53751	0.11358
0.31899	0.39853
0.27524	0.59469
0.98058	0.10830
0.26238	0.34780
0.61691	0.59002
0.31264	0.52102
0.94240	0.43308
0.59816	0.39763
0.83250	0.24687
0.61770	0.57506
0.59765	0.14438
0.88439	0.69249
0.98053	0.19014
0.66085	0.26117
0.98928	0.07480
0.53837	0.53484
0.37825	0.12267
0.26214	0.27942
0.65701	0.95450
0.44255	0.52476
0.39530	0.28619
0.69766	0.14967
0.11013	0.28542
0.57255	0.34925
0.69006	0.10458
0.51509	0.90333
0.27562	0.59597
0.64915	0.58521
0.51100	0.28263
0.25757	0.87801
0.47551	0.99722
0.69994	0.84740
0.86020	0.30358
0.20568	0.06548
0.99729	0.74368
0.50792	0.34030
0.15427	0.03269
0.50674	0.11705
0.97693	0.98573
0.60492	0.52768
0.55032	0.78198
0.78493	0.94001
0.57279	0.52625
0.75104	0.17307
0.62082	0.70203
0.68443	0.11159
0.86136	0.31308
0.51535	0.04917
0.30722	0.66304
0.41060	0.61333
0.60400	0.44439
0.22512	0.13258
0.86817	0.79480
0.14569	0.22317
0.74649	0.33096
0.26902	0.38386
0.34443	0.88591
0.52835	0.58546
0.72763	0.38935
0.29218	0.28254
0.72294	0.13813
0.41890	0.81995
0.36262	0.90158
0.24385	0.71605
0.85544	0.36742
0.31890	0.60479
0.15435	0.81843
0.51999	0.39184
0.53802	0.18852
0.82239	0.93006
0.89598	0.41854
0.21277	0.35447
0.79623	0.48789
0.82576	0.75938
0.43432	0.00620
0.86283	0.41857
0.24596	0.29483
0.79815	0.78416
0.23516	0.26896
0.60488	0.80061
0.25851	0.01058
0.11651	0.15817
0.63796	0.56512
0.55152	0.21856
0.45301	0.76229
0.25130	0.28622
0.96331	0.46153
0.97898	0.86075
0.42022	0.20451
0.20288	0.81917
0.48708	0.84675
0.81618	0.83446
0.11603	0.73390
0.91062	0.52384
0.52673	0.51100
0.11228	0.44427
0.44350	0.59105
0.28470	0.11662
0.75049	0.67673
0.96082	0.59929
0.56687	0.76048
0.74273	0.12138
0.53964	0.08104
0.43724	0.39781
0.38409	0.09900
0.10959	0.99867
0.00475	0.02297
0.23159	0.33271
0.25803	0.70257
0.14586	0.43690
0.26191	0.45111
0.30493	0.91806
0.38401	0.50520
0.71246	0.74972
0.71854	0.63265
0.50565	0.66641
0.77355	0.84562
0.27921	0.36825
0.45445	0.62988
0.06313	0.82037
0.11928	0.06410
0.01948	0.66191
0.62269	0.56247
0.86159	0.28886
0.99123	0.07133
0.11293	0.92425
0.36873	0.35709
0.63346	0.83008
0.68660	0.39024
0.09198	0.46266
0.41698	0.36759
0.88978	0.37722
0.77792	0.29577
0.08628	0.28226
0.98808	0.53887
0.97332	0.43367
0.69946	0.49799
0.70522	0.77607
0.52142	0.96497
0.06630	0.75296
0.90368	0.26841
0.57775	0.61570
0.84541	0.52289
0.85121	0.90972
0.29715	0.17695
0.50227	0.32068
0.13954	0.05746
0.86083	0.75458
0.47642	0.08289
0.99478	0.76563
0.86259	0.53925
0.45112	0.86672
0.87824	0.33008
0.58275	0.56654
0.04317	0.08667
0.32735	0.54989
0.60372	0.76958
0.12362	0.28735
0.07272	0.51784
0.20947	0.95749
0.11650	0.26557
0.37805	0.15642
0.58295	0.20061
0.60030	0.01395
0.63424	0.43211
0.53359	0.54985
0.89600	0.74311
0.65911	0.52542
0.36049	0.16892
0.59936	0.65070
0.42223	0.52451
0.53527	0.21485
0.10750	0.21716
0.82786	0.04272
0.95039	0.29980
0.97765	0.83460
0.41113	0.20574
0.02630	0.42325
0.04240	0.23559
0.03049	0.19333
0.89353	0.37909
0.23871	0.54070
0.83893	0.28546
0.05139	0.94659
0.71827	0.75140
0.71569	0.55004
0.31431	0.50392
0.77381	0.66981
0.24744	0.51537
0.79780	0.99949
0.76213	0.02980
0.45968	0.20906
0.34569	0.96654
0.82087	0.94781
0.35244	0.90117
0.40934	0.16624
0.10196	0.15451
0.62259	0.42662
0.32952	0.12795
0.05937	0.14381
0.43950	0.58061
0.75387	0.49008
0.95971	0.62902
0.50281	0.29264
0.59066	0.34098
0.51870	0.04601
0.00851	0.63271
0.16012	0.91803
0.45792	0.47304
0.99605	0.05337
0.33419	0.61962
0.99771	0.05831
0.35387	0.66030
0.69946	0.53800
0.38159	0.34001
0.26106	0.11495
0.28902	0.86893
0.07336	0.56767
0.75507	0.83079
0.65795	0.75124
0.63147	0.88813
0.33680	0.37739
0.43780	0.49991
0.55705	0.18504
0.54522	0.31651
0.52439	0.63845
0.01546	0.58064
0.82688	0.92585
0.73905	0.38865
0.76095	0.92820
0.36516	0.99285
0.74548	0.06494
0.95141	0.38000
0.28704	0.89470
0.54603	0.59462
0.08514	0.87156
0.63865	0.33637
0.06072	0.53306
0.25586	0.92260
0.18808	0.77389
0.48824	0.28153
0.04710	0.92799
0.50837	0.89195
0.99480	0.52927
0.17898	0.53083
0.36152	0.76106
0.12236	0.46988
0.08314	0.46805
0.43133	0.35836
0.49528	0.67832
0.64725	0.60668
0.80227	0.60062
0.63941	0.26245
0.99633	0.79479
0.14893	0.72022
0.93211	0.20919
0.73206	0.90949
0.72584	0.94188
0.09963	0.45511
0.63599	0.12033
0.45297	0.90916
0.50105	0.77131
0.55227	0.47533
0.76218	0.82557
0.36820	0.95905
0.23415	0.84414
0.17125	0.05558
0.76414	0.44308
0.35219	0.04068
0.52953	0.33245
0.92849	0.90897
0.35866	0.38145
0.32493	0.34738
0.56081	0.22440
0.84233	0.61604
0.88698	0.35437
0.31744	0.25265
0.42536	0.56156
0.21694	0.10241
0.31133	0.21487
0.32132	0.77025
0.76130	0.41393
0.21893	0.97726
0.02361	0.48777
0.25833	0.64973
0.48254	0.00359
0.77214	0.54649
0.58890	0.54236
0.72090	0.11616
0.16193	0.01945
0.44510	0.13602
0.42422	0.58327
0.91029	0.40481
0.07351	0.81408
0.59525	0.42320
0.41219	0.86373
0.98092	0.73594
0.16446	0.15290
0.85340	0.87189
0.57758	0.97884
0.88626	0.76871
0.49209	0.54191
0.11838	0.89927
0.10202	0.21532
0.91257	0.90680
0.89471	0.99970
0.20067	0.51027
0.22686	0.43997
0.35008	0.19570
0.28985	0.33804
0.12205	0.50189
0.28242	0.43554
0.93652	0.46863
0.58091	0.73059
0.29594	0.91874
0.17960	0.71073
0.15088	0.78694
0.10438	0.79085
0.03013	0.94616
0.87446	0.67361
0.57289	0.68889
0.73239	0.05086
0.42362	0.72935
0.67265	0.40404
0.92571	0.72844
0.36257	0.67562
0.22409	0.83022
0.79115	0.72334
0.51004	0.16590
0.32365	0.39656
0.92659	0.38227
0.49197	0.07913
0.19297	0.68027
0.08035	0.01123
0.94744	0.10114
0.57183	0.55382
0.19034	0.77539
0.05308	0.77754
0.92359	0.42160
0.28551	0.54114
0.80293	0.53119
0.18919	0.93652
0.33810	0.66993
0.69571	0.76609
0.20273	0.45443
0.51049	0.74848
0.42933	0.25788
0.41648	0.87009
0.16210	0.32870
0.75556	0.01410
0.23922	0.41674
0.16767	0.51481
0.54229	0.58087
0.51247	0.63077
0.02258	0.18459
0.11315	0.54251
0.72342	0.49784
0.18389	0.58874
0.20584	0.72894
0.36666	0.68527
0.61881	0.67985
0.74684	0.07928
0.96040	0.66938
0.04816	0.26309
0.05386	0.98069
0.90798	0.94921
0.44591	0.28640
0.87637	0.61471
0.96035	0.19421
0.83074	0.92689
0.54483	0.01418
0.88900	0.77927
0.09862	0.49675
0.01703	0.17815
0.36746	0.26855
0.06129	0.71032
0.40252	0.92271
0.41522	0.67346
0.44297	0.72554
0.88592	0.68184
0.13105	0.85732
0.08248	0.70324
0.41245	0.44913
0.80069	0.94635
0.41430	0.27188
0.53555	0.43103
0.39273	0.34157
0.95864	0.30655
0.04440	0.36840
0.20164	0.48067
0.51601	0.96338
0.96574	0.07936
0.84686	0.56045
0.94963	0.11277
0.11443	0.21305
0.77526	0.72482
0.78784	0.69690
0.27413	0.30928
0.07556	0.84963
0.10817	0.94322
0.24442	0.85365
0.15001	0.36910
0.68736	0.31106
0.62153	0.80852
0.86470	0.90938
0.52592	0.83289
0.51111	0.96372
0.46458	0.98040
0.07071	0.38713
0.30671	0.94729
0.75699	0.22600
0.14261	0.20970
0.27308	0.76774
0.62539	0.98168
0.73502	0.11920
0.77481	0.41961
0.03669	0.99425
0.69926	0.75437
0.96089	0.31950
0.38303	0.02545
0.00855	0.88462
0.71251	0.59587
0.53064	0.97450
0.59973	0.68082
0.17829	0.89755
0.36506	0.92033
0.54548	0.68877
0.28549	0.97934
0.77928	0.64768
0.32586	0.23056
0.36559	0.21346
0.87137	0.56273
0.47317	0.58348
0.84537	0.06741
0.45207	0.55132
0.63636	0.71899
0.68619	0.64265
0.40658	0.28903
0.26470	0.84537
0.94913	0.31971
0.37366	0.77062
0.99422	0.03064
0.31199	0.54101
0.76400	0.14962
0.88315	0.85550
0.92212	0.53830
0.49661	0.59357
0.49416	0.45579
0.79578	0.35061
0.26008	0.65737
0.27429	0.84335
0.07470	0.59844
0.09471	0.74935
0.28586	0.78859
0.42439	0.93050
0.95094	0.08394
0.65326	0.73184
0.36915	0.13640
0.06047	0.77681
0.63264	0.85043
0.49862	0.93656
0.39894	0.32500
0.60026	0.85401
0.74972	0.51908
0.23020	0.58675
0.23268	0.17849
0.46281	0.57541
0.64673	0.00170
0.31858	0.52370
0.66357	0.94684
0.60634	0.28211
0.18445	0.75767
0.75873	0.96373
0.53180	0.57890
0.30535	0.22923
0.53078	0.33306
0.68380	0.79657
0.04780	0.55567
0.17872	0.83744
0.85247	0.87079
0.56826	0.12216
0.81531	0.69513
0.86930	0.18297
0.62132	0.56990
0.24084	0.92000
0.38644	0.30869
0.72168	0.55972
0.70457	0.29341
0.48166	0.71762
0.16198	0.68712
0.66223	0.11416
0.16904	0.21152
0.83850	0.84872
0.35069	0.14038
0.76570	0.16295
0.26295	0.40171
0.28588	0.90121
0.26872	0.74242
0.58446	0.09423
0.26044	0.05492
0.28679	0.75912
0.58774	0.56752
0.80635	0.69195
0.95021	0.42644
0.29684	0.58813
0.15515	0.98851
0.14407	0.38504
0.38310	0.64183
0.39989	0.83215
0.50645	0.38055
0.08698	0.89513
0.35538	0.75116
0.21994	0.11155
0.43718	0.03359
0.97506	0.98529
0.51092	0.04385
0.21518	0.02098
0.04718	0.14771
0.85225	0.31292
0.31283	0.71571
0.27281	0.73707
0.73421	0.23106
0.50368	0.06034
0.73572	0.74803
0.25832	0.62680
0.87258	0.33353
0.92365	0.80921
0.82008	0.65519
0.95954	0.43430
0.00028	0.97262
0.51976	0.47864
0.54485	0.02093
0.19758	0.77122
0.93011	0.74172
0.94513	0.45552
0.30540	0.20200
0.29371	0.77548
0.91099	0.34324
0.98762	0.48047
0.06226	0.77239
0.39472	0.30056
0.51161	0.32325
0.16440	0.86171
0.34868	0.41015
0.97628	0.98963
0.16670	0.31919
0.11121	0.32546
0.91074	0.71260
0.32782	0.98144
0.35725	0.29296
0.99394	0.70527
0.51128	0.19885
0.89233	0.50745
0.70443	0.77781
0.09907	0.72816
0.52603	0.50487
0.30960	0.80244
0.67758	0.60449
0.45454	0.76364
0.59865	0.30548
0.49124	0.44575
0.39609	0.47593
0.74018	0.77085
0.90469	0.80718
0.53246	0.15071
0.10900	0.66132
0.25720	0.90388
0.83643	0.39220
0.93973	0.79943
0.56083	0.55460
0.45563	0.68220
0.57519	0.33564
0.30422	0.06565
0.63940	0.59061
0.96058	0.47125
0.19935	0.13337
0.23175	0.94670
0.55516	0.63472
0.98092	0.27329
0.79589	0.25333
0.04876	0.05823
0.26029	0.65074
0.13302	0.75783
0.27119	0.90479
0.09412	0.00964
0.56018	0.60511
0.29739	0.22297
0.00018	0.39090
0.50760	0.96447
0.11414	0.64192
0.28128	0.51031
0.53344	0.12714
0.51382	0.17963
0.25042	0.49651
0.16742	0.63375
0.26672	0.14445
0.68030	0.50091
0.79296	0.06084
0.71388	0.41637
0.33918	0.87854
0.53986	0.50058
0.95152	0.79291
0.71012	0.54241
0.96397	0.05726
0.56816	0.13221
0.27089	0.42625
0.92063	0.81721
0.78970	0.23741
0.87406	0.84399
0.33711	0.87113
0.36462	0.46280
0.13816	0.58528
0.99337	0.30572
0.94141	0.63006
0.77748	0.90984
0.71488	0.00280
0.19026	0.55638
0.62910	0.22297
0.16243	0.00960
0.55675	0.21806
0.78387	0.57390
0.98553	0.65542
0.97636	0.34749
0.45453	0.53609
0.40704	0.75151
0.45514	0.35706
0.54177	0.73061
0.70681	0.69219
0.23480	0.73022
0.05640	0.84322
0.78206	0.40939
0.96943	0.79375
0.90818	0.14352
0.51242	0.61361
0.09004	0.39602
0.46037	0.32723
0.39108	0.98673
0.17529	0.53537
0.40193	0.87117
0.50159	0.21576
0.51434	0.83752
0.33100	0.57476
0.47208	0.14143
0.43547	0.78692
0.65103	0.10782
0.69864	0.73940
0.65812	0.16514
0.60227	0.80126
0.11008	0.70931
0.64832	0.31117
0.86234	0.15375
0.15560	0.07291
0.59803	0.72814
0.79361	0.23905
0.87566	0.57853
0.78958	0.87363
0.91483	0.66345
0.10519	0.86158
0.75685	0.73846
0.93262	0.01812
0.25478	0.41943
0.92235	0.99701
0.12479	0.47239
0.67616	0.94364
0.59132	0.63124
0.82975	0.97871
0.28032	0.45899
0.39787	0.50498
0.81175	0.44582
0.15275	0.20764
0.93406	0.50159
0.63326	0.76945
0.28491	0.40221
0.94115	0.79080
0.48624	0.82992
0.90781	0.17987
0.60195	0.06904
0.70962	0.28563
0.35018	0.35474
0.89978	0.35406
0.14290	0.34612
0.27548	0.39358
0.51599	0.48876
0.96850	0.60227
0.39694	0.86163
0.14200	0.70062
0.80476	0.26081
0.21141	0.78071
0.45471	0.44503
0.67209	0.55971
0.90021	0.98693
0.65574	0.47011
0.51585	0.54540
0.75761	0.40538
0.65565	0.66288
0.61437	0.71715
0.44662	0.52922
0.50331	0.90981
0.66819	0.69279
0.85688	0.24199
0.37821	0.02261
0.03769	0.24728
0.37389	0.97363
0.70060	0.47044
0.44363	0.67285
0.27834	0.12052
0.22128	0.02886
0.12464	0.84493
0.33649	0.37731
0.07479	0.06436
0.90165	0.26798
0.74351	0.48874
0.84100	0.30792
0.40409	0.03710
0.49565	0.75399
0.18394	0.48401
0.87101	0.47271
0.22143	0.33659
0.34313	0.44880
0.04944	0.52149
0.10097	0.82850
0.95839	0.17723
0.42422	0.51775
0.04612	0.88149
0.35456	0.23578
0.54612	0.20687
0.65799	0.16835
0.16750	0.30958
0.26187	0.47346
0.84263	0.24139
0.31109	0.76368
0.10070	0.67877
0.14980	0.51449
0.71170	0.24055
0.21996	0.07735
0.05538	0.04201
0.57054	0.11930
0.59038	0.81058
0.82262	0.17933
0.90574	0.58054
0.09521	0.63813
0.79716	0.56699
0.23009	0.50882
0.19822	0.60644
0.07098	0.34823
0.09930	0.05029
0.01517	0.02749
0.90877	0.17510
0.79687	0.04944
0.63125	0.29722
0.14281	0.13101
0.03516	0.05612
0.97649	0.27385
0.11776	0.85711
0.84617	0.64150
0.53754	0.96983
0.83195	0.21524
0.26921	0.48470
0.71170	0.30480
0.00779	0.66083
0.42005	0.00353
0.44415	0.75365
0.37891	0.75816
0.90412	0.61969
0.39099	0.70708
0.85334	0.77816
0.77956	0.46508
0.76627	0.38516
0.24845	0.94741
0.01187	0.60992
0.74252	0.55176
0.26206	0.96058
0.95391	0.84583
0.29873	0.91046
0.73149	0.32764
0.05575	0.38407
0.24314	0.33144
0.62347	0.89911
0.68544	0.96110
0.54187	0.34255
0.26916	0.03303
0.43900	0.67550
0.73302	0.80316
0.56099	0.45895
0.39722	0.03974
0.01797	0.08219
0.68647	0.43197
0.66590	0.69519
0.87316	0.15182
0.08539	0.17767
0.19251	0.55711
0.12494	0.27601
0.10682	0.98167
0.98099	0.95276
0.72453	0.85468
0.86724	0.43129
0.36785	0.92145
0.90301	0.28079
0.04557	0.28455
0.80409	0.64378
0.48793	0.04750
0.33237	0.97827
0.41123	0.75904
0.78650	0.77014
0.59140	0.79550
0.25240	0.96686
0.98012	0.01967
0.34723	0.96275
0.11681	0.58579
0.69456	0.00909
0.51109	0.78357
0.11719	0.27522
0.60212	0.07692
0.17576	0.21345
0.10230	0.68936
0.26082	0.41269
0.26263	0.25720
0.99676	0.19379
0.67384	0.14371
0.24011	0.85560
0.67411	0.18365
0.09719	0.26673
0.94114	0.17038
0.35657	0.16691
0.41545	0.54256
0.26411	0.89970
0.63689	0.74720
0.59277	0.82757
0.43916	0.08274
0.46205	0.60456
0.74506	0.35619
0.54769	0.87076
0.94710	0.20556
0.51433	0.15722
0.71655	0.87001
0.66984	0.33265
0.06446	0.27692
0.17295	0.99992
0.47825	0.92529
0.92901	0.63943
0.92244	0.95290
0.74740	0.75180
0.66557	0.55732
0.44051	0.12162
0.26995	0.08418
0.01355	0.50462
0.36432	0.45660
0.21417	0.94641
0.99353	0.78773
0.92142	0.01511
0.68894	0.82123
0.59150	0.98912
0.31112	0.89564
0.75310	0.56139
0.30939	0.06985
0.56499	0.88739
0.66720	0.23429
0.15884	0.40466
0.06710	0.30117
0.36158	0.65242
0.00951	0.64516
0.88645	0.25188
0.52790	0.65151
0.76401	0.82199
0.79929	0.25220
0.48160	0.81761
0.10207	0.38299
0.84371	0.93702
0.48965	0.05203
0.89118	0.64032
0.64559	0.73889
0.87272	0.30280
0.61549	0.18531
0.92792	0.88425
0.81818	0.05869
0.83538	0.00288
0.80761	0.60091
0.22825	0.92774
0.30455	0.68344
0.18552	0.72728
0.19059	0.86190
0.73987	0.17509
0.63869	0.62424
0.67514	0.40124
0.03793	0.64330
0.64899	0.22067
0.54457	0.44100
0.02885	0.93835
0.18223	0.77994
0.44048	0.88091
0.19667	0.93041
0.77247	0.96622
0.53996	0.67981
0.06449	0.62106
0.44390	0.11410
0.06115	0.66896
0.84929	0.43420
0.90016	0.55097
0.65852	0.68745
0.58944	0.13106
0.05881	0.78091
0.58302	0.14951
0.79175	0.39221
0.84839	0.97479
0.95947	0.93653
0.19390	0.56789
0.45043	0.91968
0.68741	0.65635
0.19913	0.95135
0.87086	0.13716
0.22852	0.81409
0.18583	0.16381
0.88348	0.57809
0.29621	0.12343
0.30070	0.20260
0.04698	0.36712
0.67371	0.62503
0.75055	0.13655
0.57273	0.69838
0.32923	0.13082
0.97410	0.55075
0.80932	0.95301
0.62355	0.30242
0.09081	0.00537
0.21371	0.96052
0.35232	0.61627
0.43726	0.15194
0.14819	0.73367
0.06356	0.25934
0.78128	0.13178
0.13759	0.91427
0.41049	0.36537
0.73595	0.73967
0.36990	0.24094
0.22560	0.93747
0.87115	0.99535
0.22990	0.90331
0.80399	0.35521
0.00236	0.42208
0.37754	0.75095
0.09335	0.47139
0.80107	0.35084
0.32966	0.84724
0.70374	0.18493
0.60304	0.03592
0.33075	0.86053
0.06312	0.89452
0.83434	0.42020
0.11100	0.76278
0.39717	0.82666
0.16771	0.27866
0.35757	0.66571
0.85896	0.83509
0.53642	0.58446
0.64609	0.80143
0.53525	0.48772
0.04264	0.86925
0.37574	0.34607
0.04493	0.23462
0.15536	0.44515
0.77408	0.88520
0.27529	0.18846
0.47931	0.46951
0.17660	0.91046
0.49283	0.36271
0.67767	0.80366
0.72169	0.92224
0.44264	0.45438
0.83496	0.97356
0.28510	0.68927
0.71807	0.27699
0.56057	0.67431
0.98127	0.83899
0.85932	0.08063
0.30626	0.83933
0.37861	0.53615
0.80365	0.51108
0.55478	0.32184
0.46267	0.22348
0.03828	0.23880
0.78797	0.13947
0.25609	0.98826
0.60134	0.13767
0.79299	0.73069
0.07383	0.03857
0.36747	0.04325
0.68092	0.91244
0.39893	0.54104
0.82497	0.06225
0.15599	0.56363
0.77532	0.32098
0.38680	0.94461
0.90125	0.48205
0.50745	0.73834
0.13659	0.63068
0.79563	0.92893
0.28471	0.43347
0.16404	0.05021
0.78415	0.41398
0.50814	0.14315
0.00646	0.98807
0.75972	0.81043
0.18544	0.44967
0.63719	0.07108
0.17768	0.13039
0.17101	0.82803
0.67494	0.68199
0.42818	0.80222
0.98377	0.30087
0.19622	0.63094
0.42789	0.48171
0.51266	0.44186
0.25650	0.24848
0.34009	0.50865
0.27831	0.50492
0.17878	0.86664
0.46352	0.27695
0.40220	0.36583
0.73439	0.24534
0.69365	0.16980
0.85223	0.15872
0.81010	0.66730
0.76287	0.45339
0.43113	0.34344
0.05334	0.13016
0.84896	0.52237
0.81274	0.47759
0.33760	0.08779
0.39214	0.38839
0.68210	0.27183
0.39155	0.40321
0.16398	0.57750
0.83551	0.08530
0.01745	0.82504
0.79498	0.84503
0.75606	0.97787
0.34053	0.51993
0.05981	0.20738
0.38601	0.24373
0.42202	0.83618
0.15660	0.51434
0.32266	0.39168
0.83664	0.93845
0.23772	0.26270
0.36689	0.20746
0.95314	0.72710
0.93620	0.63933
0.54470	0.96220
0.83461	0.84147
0.81325	0.45913
0.63618	0.32633
0.35415	0.71642
0.95551	0.80672
0.58983	0.42528
0.69352	0.92858
0.45177	0.58247
0.54243	0.95140
0.21878	0.72108
0.07470	0.77746
0.89662	0.18199
0.95772	0.84834
0.56143	0.19369
0.72312	0.56117
0.41529	0.36123
0.30925	0.16016
0.35600	0.84212
0.47036	0.30785
0.73853	0.27248
0.12682	0.30773
0.75002	0.38811
0.85584	0.35606
0.57199	0.57830
0.64904	0.31378
0.61616	0.70632
0.41405	0.92257
0.33213	0.03685
0.75284	0.83292
0.84195	0.26350
0.23357	0.23139
0.89611	0.07822
0.05644	0.31343
0.96411	0.23607
0.21269	0.35804
0.73809	0.43876
0.78618	0.50221
0.99566	0.66918
0.12360	0.39455
0.78630	0.51689
0.33942	0.45169
0.52362	0.39738
0.52137	0.14341
0.33946	0.12821
0.56800	0.00139
0.12685	0.72636
0.00504	0.27167
0.27180	0.86645
0.44618	0.96811
0.90391	0.82512
0.24599	0.66113
0.37519	0.44163
0.47960	0.54058
0.77861	0.29813
0.58912	0.06265
0.24921	0.45958
0.23736	0.81197
0.22833	0.43571
0.22288	0.51755
0.84470	0.58393
0.58950	0.65098
0.33497	0.47478
0.13317	0.19890
0.57936	0.33343
0.34478	0.18652
0.65230	0.31175
0.89601	0.93080
0.85593	0.20055
0.82733	0.39858
0.42127	0.56670
0.67466	0.17535
0.11006	0.99607
0.53607	0.31249
0.18308	0.75216
0.46271	0.79446
0.79204	0.56376
0.96148	0.23581
0.65795	0.60294
0.14486	0.43865
0.55590	0.41014
0.77301	0.28869
0.65615	0.17456
0.80173	0.79943
0.37275	0.98898
0.05797	0.69378
0.39199	0.97485
0.21292	0.61702
0.89057	0.29521
0.15748	0.56215
0.28213	0.40190
0.75757	0.97379
0.18601	0.52485
0.31560	0.93041
0.61755	0.96584
0.63412	0.41907
0.84334	0.14921
0.27604	0.65953
0.87010	0.24699
0.04873	0.31204
0.16321	0.25444
0.18208	0.86792
0.41985	0.39127
0.72789	0.22528
0.44473	0.02842
0.31810	0.98217
0.94825	0.40226
0.43075	0.78659
0.36571	0.34660
0.82101	0.54815
0.79446	0.00856
0.76428	0.84322
0.46400	0.37437
0.44292	0.83576
0.11930	0.17511
0.76860	0.36108
0.55415	0.93858
0.75309	0.71154
0.48345	0.29762
0.92155	0.38301
0.93246	0.78633
0.59971	0.77644
0.62604	0.21509
0.49962	0.19659
0.44142	0.51935
0.74626	0.85769
0.82545	0.93347
0.48447	0.16777
0.41724	0.40209
0.22748	0.51135
0.62202	0.79218
0.76653	0.68569
0.21779	0.34056
0.09279	0.95468
0.58756	0.16470
0.83893	0.86250
0.81659	0.65854
0.44043	0.53954
0.84368	0.71595
0.07093	0.19651
0.46135	0.09769
0.13934	0.04080
0.84703	0.05533
0.75281	0.55669
0.71248	0.06983
0.13438	0.37229
0.95586	0.75438
0.02802	0.49018
0.25561	0.00308
0.96704	0.55552
0.54056	0.36894
0.68900	0.83177
0.57676	0.20345
0.16158	0.34171
0.75803	0.00814
0.96812	0.48262
0.61255	0.46622
0.81043	0.95414
0.45368	0.00125
0.36381	0.89585
0.23462	0.86161
0.75302	0.50612
0.05463	0.04681
0.85137	0.99312
0.81082	0.89358
0.93332	0.42436
0.87472	0.55088
0.33619	0.32499
0.81977	0.96924
0.27827	0.92174
0.33428	0.58147
0.24898	0.12256
0.29018	0.83859
0.39372	0.98155
0.05427	0.06205
0.09048	0.80848
0.26058	0.36199
0.50750	0.98704
0.70636	0.68462
0.96173	0.58015
0.46184	0.71773
0.60727	0.04310
0.88636	0.67045
0.08483	0.56054
0.21965	0.75167
0.93251	0.61630
0.16216	0.43482
0.69065	0.82885
0.42230	0.94369
0.11118	0.72108
0.00249	0.85053
0.67305	0.12587
0.84851	0.19404
0.28109	0.17316
0.98786	0.76776
0.38194	0.44112
0.37288	0.24765
0.72972	0.23985
0.67263	0.74576
0.43548	0.43919
0.95113	0.83462
0.64370	0.26709
0.62450	0.70732
0.20594	0.39494
0.81395	0.56303
0.07711	0.05823
0.21195	0.99222
0.14742	0.22605
0.58984	0.36432
0.43582	0.08459
0.26281	0.11532
0.84837	0.72749
0.84803	0.69127
0.27719	0.98082
0.31831	0.46612
0.43379	0.67765
0.84485	0.20815
0.15305	0.24020
0.97020	0.56503
0.07952	0.34446
0.34137	0.61289
0.89986	0.07441
0.49672	0.14425
0.68439	0.41917
0.93616	0.47568
0.85334	0.27348
0.81886	0.29520
0.17340	0.39211
0.26723	0.05039
0.23141	0.90267
0.68417	0.47375
0.65492	0.42483
0.41074	0.01808
0.21812	0.74816
0.01053	0.60809
0.28284	0.89017
0.95267	0.89281
0.46322	0.03137
0.86711	0.69889
0.43935	0.49373
0.06925	0.05597
0.41935	0.45790
0.26651	0.62234
0.61069	0.12588
0.00572	0.29454
0.19991	0.33195
0.27786	0.02637
0.53133	0.42235
0.75022	0.57600
0.36321	0.90397
0.17464	0.19250
0.43664	0.90661
0.06811	0.49148
0.50955	0.84214
0.39498	0.67771
0.10428	0.47611
0.39512	0.83896
0.92688	0.55519
0.60067	0.75303
0.30416	0.12911
0.90864	0.67191
0.85313	0.28245
0.29684	0.65557
0.52028	0.56336
0.51140	0.95793
0.35232	0.64121
0.71202	0.13919
0.58855	0.17430
0.14763	0.93663
0.74172	0.60061
0.56640	0.52817
0.03451	0.00018
0.26711	0.85696
0.42593	0.69509
0.79680	0.85197
0.83860	0.00238
0.50566	0.97390
0.70756	0.04115
0.56283	0.37609
0.58356	0.76920
0.60315	0.82173
0.07118	0.27909
0.97498	0.62290
0.92133	0.91213
0.16712	0.74429
0.43499	0.70541
0.68623	0.89677
0.08259	0.79657
0.14768	0.12764
0.66575	0.23239
0.68555	0.92552
0.62214	0.04215
0.83791	0.31847
0.65916	0.00996
0.85813	0.72942
0.91909	0.66553
0.82475	0.88994
0.54252	0.09818
0.79626	0.26356
0.71853	0.60774
0.79206	0.13476
0.91300	0.69600
0.29515	0.95885
0.60628	0.64533
0.23224	0.82119
0.05088	0.99148
0.62620	0.47754
0.77366	0.52519
0.27998	0.12022
0.01659	0.43688
0.11934	0.43853
0.20625	0.25529
0.64030	0.59906
0.30185	0.69684
0.77904	0.80349
0.48786	0.45259
0.35841	0.97447
0.57162	0.55875
0.28313	0.95613
0.64116	0.26475
0.86541	0.76036
0.47726	0.03060
0.18417	0.05746
0.37123	0.46656
0.81844	0.48463
0.53736	0.50397
0.84786	0.14996
0.72314	0.00484
0.10645	0.49087
0.19940	0.48487
0.26239	0.00834
0.98284	0.74119
0.92825	0.51963
0.82096	0.15306
0.13835	0.72141
0.82331	0.97034
0.97908	0.36964
0.17488	0.06894
0.56370	0.88839
0.40002	0.43238
0.60516	0.30542
0.44695	0.51227
0.46419	0.57004
0.97633	0.43099
0.61336	0.35557
0.22993	0.48456
0.95905	0.84860
0.71625	0.17975
0.66695	0.57774
0.09683	0.24773
0.64860	0.32303
0.34511	0.40352
0.13727	0.90324
0.89628	0.99016
0.74660	0.20556
0.62466	0.37138
0.59060	0.49913
0.86066	0.21322
0.20972	0.72174
0.36375	0.99844
0.81176	0.48413
0.83217	0.09750
0.18748	0.85715
0.99305	0.93440
0.90392	0.79427
0.83430	0.65919
0.49541	0.50933
0.98231	0.76132
0.47370	0.54254
0.15014	0.20340
0.62025	0.94252
0.75729	0.25859
0.10750	0.89622
0.11305	0.16475
0.65721	0.78413
0.70097	0.36526
0.85535	0.54978
0.05385	0.79473
0.67277	0.28602
0.00336	0.32814
0.24998	0.01226
0.88217	0.85848
0.47115	0.67144
0.23646	0.79935
0.13024	0.10805
0.32371	0.29328
0.21489	0.00180
0.02894	0.81345
0.19165	0.46831
0.54839	0.57132
0.64273	0.93820
0.93507	0.61185
0.98476	0.13305
0.40396	0.21670
0.49742	0.45336
0.07122	0.21945
0.93535	0.52618
0.88112	0.78923
0.34711	0.61792
0.64979	0.37861
0.03465	0.60625
0.55414	0.70917
0.66289	0.43373
0.30141	0.56570
0.42493	0.61329
0.86083	0.96663
0.56740	0.16412
0.15828	0.61699
0.00457	0.47454
0.77871	0.69087
0.84549	0.85652
0.17274	0.39826
0.09861	0.34893
0.18399	0.00897
0.30842	0.95015
0.78413	0.49500
0.78462	0.42607
0.31165	0.00484
0.57820	0.78369
0.59742	0.39484
0.13786	0.93072
0.02026	0.93090
0.12508	0.83803
0.41195	0.24923
0.79849	0.93687
0.49305	0.64137
0.88859	0.38750
0.13932	0.70369
0.08908	0.91711
0.82721	0.02046
0.68944	0.93283
0.01857	0.35506
0.28081	0.71456
0.76952	0.48647
0.71609	0.73655
0.45079	0.15846
0.82745	0.38880
0.05702	0.26051
0.41226	0.54138
0.92340	0.73393
0.29333	0.44507
0.58200	0.24088
0.25945	0.10488
0.74799	0.26609
0.93540	0.96565
0.92869	0.98424
0.77762	0.55742
0.25722	0.99583
0.82149	0.77394
0.29259	0.45412
0.77585	0.41058
0.86487	0.14043
0.56716	0.31259
0.53101	0.36435
0.65823	0.41302
0.88929	0.24771
0.56563	0.78752
0.77365	0.76668
0.18910	0.09962
0.25333	0.21051
0.85621	0.89576
0.14418	0.45538
0.51347	0.55966
0.57141	0.13152
0.79030	0.88847
0.37878	0.38439
0.71757	0.37102
0.43089	0.61212
0.96712	0.77741
0.74462	0.92300
0.07327	0.22688
0.26519	0.37492
0.22934	0.06551
0.69834	0.16719
0.83839	0.22083
0.06978	0.81258
0.91335	0.87775
0.07351	0.59999
0.26454	0.49324
0.69477	0.44394
0.30290	0.32025
0.35172	0.84284
0.93302	0.35857
0.22391	0.01616
0.01285	0.67805
0.20482	0.06796
0.44154	0.91386
0.71653	0.83569
0.71628	0.56746
0.33415	0.00231
0.99005	0.13609
0.44813	0.57069
0.24677	0.94108
0.84590	0.10460
0.50762	0.26221
0.36652	0.97059
0.54540	0.18664
0.16866	0.24157
0.05922	0.18356
0.33475	0.48453
0.70682	0.49735
0.62034	0.71082
0.05554	0.09727
0.22976	0.65589
0.68801	0.29645
0.35040	0.31420
0.36086	0.51354
0.23728	0.60144
0.80019	0.22049
0.59317	0.22214
0.69405	0.91277
0.65761	0.44918
0.51270	0.92665
0.90762	0.22158
0.77938	0.97614
0.98901	0.19860
0.80228	0.94339
0.07310	0.65251
0.92065	0.32673
0.20124	0.31774
0.76257	0.11883
0.63621	0.37173
0.15221	0.91919
0.32673	0.30885
0.83835	0.88165
0.01929	0.10474
0.36647	0.61834
0.58873	0.82669
0.82477	0.24988
0.82902	0.17508
0.76850	0.60583
0.22147	0.25611
0.77329	0.47932
0.45023	0.37546
0.25826	0.21432
0.25345	0.74833
0.44296	0.13723
0.40923	0.41053
0.66983	0.38069
0.98487	0.01306
0.16958	0.88106
0.25453	0.26229
0.00441	0.83720
0.21737	0.13255
0.72738	0.99170
0.64914	0.25049
0.47069	0.21216
0.31061	0.67746
0.84937	0.07763
0.78470	0.00157
0.03088	0.37499
0.75606	0.25542
0.53298	0.42887
0.75725	0.23205
0.30205	0.76213
0.03079	0.04011
0.92101	0.63848
0.96553	0.14293
0.22552	0.60996
0.33468	0.85913
0.02789	0.64536
0.30997	0.14034
0.66505	0.91545
0.76141	0.02066
0.79021	0.00224
0.57066	0.04304
0.64482	0.85358
0.98659	0.67365
0.45161	0.23087
0.68829	0.63347
0.03920	0.53696
0.42185	0.53203
0.95134	0.15687
0.26468	0.29938
0.41848	0.56512
0.59883	0.71395
0.47708	0.13965
0.40863	0.47615
0.25919	0.12039
0.41990	0.80045
0.36297	0.46028
0.11798	0.70208
0.51091	0.90354
0.93087	0.96675
0.48146	0.27606
0.81274	0.12899
0.39668	0.44306
0.91622	0.03909
0.61264	0.99738
0.93399	0.99904
0.95589	0.31742
0.12916	0.41067
0.40889	0.52833
0.01336	0.62705
0.07279	0.81642
0.38803	0.09585
0.98340	0.52783
0.25363	0.19914
0.96799	0.90521
0.93808	0.97489
0.62384	0.83734
0.53523	0.09668
0.71126	0.45477
0.47125	0.55058
0.18509	0.46280
0.62570	0.20722
0.90569	0.50668
0.42645	0.92428
0.30338	0.98352
0.12309	0.15458
0.35677	0.85084
0.76019	0.94831
0.44204	0.71631
0.49960	0.14056
0.59495	0.25339
0.95330	0.32825
0.60131	0.11019
0.18376	0.11384
0.15244	0.14290
0.80886	0.97486
0.75753	0.36697
0.56086	0.32288
0.33691	0.13568
0.51104	0.14324
0.56769	0.05900
0.65798	0.81055
0.15847	0.60930
0.14430	0.54924
0.26895	0.48902
0.71764	0.48115
0.87825	0.20256
0.62284	0.55765
0.85155	0.53833
0.87203	0.47655
0.38756	0.83400
0.94888	0.57164
0.34889	0.81986
0.64958	0.92155
0.96191	0.90725
0.40396	0.82334
0.03546	0.54186
0.65098	0.08803
0.43525	0.92405
0.99887	0.18560
0.35190	0.68825
0.79550	0.09004
0.80637	0.95259
0.83357	0.28268
0.83743	0.61910
0.19453	0.17421
0.34689	0.04714
0.30365	0.21823
0.84601	0.22749
0.93205	0.91402
0.61381	0.21832
0.16582	0.88887
0.80005	0.47086
0.25183	0.76071
0.42297	0.27151
0.44176	0.23514
0.93954	0.77367
0.47425	0.84130
0.40273	0.03798
0.14290	0.52630
0.41625	0.41209
0.02200	0.55591
0.38321	0.01055
0.70402	0.40659
0.06860	0.18694
0.09085	0.05973
0.77045	0.08810
0.04367	0.13678
0.92971	0.10627
0.52758	0.54147
0.37300	0.67369
0.46427	0.00876
0.60381	0.81510
0.12777	0.21422
0.02483	0.30648
0.12906	0.74816
0.71726	0.17095
0.69155	0.28850
0.27674	0.15864
0.48828	0.70582
0.08832	0.34634
0.18356	0.28862
0.21031	0.39930
0.95737	0.28376
0.15106	0.12904
0.33368	0.31787
0.27622	0.77340
0.16810	0.40071
0.51035	0.37119
0.67811	0.65871
0.10370	0.78604
0.78849	0.59046
0.10112	0.58894
0.46965	0.05747
0.03569	0.04948
0.37929	0.04954
0.98830	0.73393
0.14483	0.17081
0.48662	0.82496
0.79816	0.21289
0.16713	0.04177
0.99088	0.48692
0.73892	0.73653
0.01198	0.22190
0.72509	0.48387
0.58672	0.84736
0.06195	0.71808
0.03217	0.40652
0.41070	0.56192
0.23283	0.59266
0.96413	0.83598
0.46896	0.77699
0.99558	0.21624
0.37737	0.70816
0.55006	0.21900
0.45919	0.04965
0.35300	0.37079
0.90324	0.99197
0.52893	0.71145
0.69035	0.47142
0.61155	0.76417
0.67428	0.57100
0.87423	0.90599
0.26368	0.30150
0.25388	0.33054
0.88410	0.67898
0.21269	0.38112
0.45752	0.41054
0.29995	0.40480
0.02805	0.68318
0.12722	0.33193
0.74148	0.38642
0.73100	0.18247
0.24777	0.36781
0.99551	0.93024
0.22228	0.56650
0.90880	0.99651
0.75184	0.41227
0.14216	0.62951
0.05053	0.52051
0.54161	0.45636
0.95323	0.63897
0.08201	0.35640
0.21588	0.04590
0.02285	0.25521
0.20794	0.90942
0.33784	0.47222
0.30747	0.31299
0.70945	0.34840
0.10354	0.40594
0.35278	0.79429
0.13653	0.56267
0.21734	0.13397
0.60762	0.67980
0.07738	0.42017
0.24300	0.30840
0.80187	0.86826
0.21693	0.18826
0.66931	0.34227
0.01520	0.98482
0.20106	0.00177
0.77600	0.45206
0.92892	0.73633
0.29068	0.58018
0.50592	0.61025
0.56683	0.61951
0.02982	0.73273
0.17874	0.06143
0.66856	0.26576
0.97796	0.14666
0.89971	0.71076
0.01988	0.18127
0.47376	0.53145
0.62009	0.30031
0.75255	0.14998
0.10940	0.96188
0.22345	0.83776
0.59490	0.96790
0.92746	0.54620
0.07145	0.49248
0.11795	0.45492
0.28233	0.49022
0.32082	0.21645
0.91707	0.99207
0.54182	0.07735
0.08302	0.26945
0.66998	0.75970
0.74429	0.91052
0.02956	0.64113
0.88548	0.22198
0.53324	0.37403
0.17575	0.23154
0.73469	0.93593
0.07504	0.30011
0.68752	0.48556
0.58308	0.87905
0.08154	0.20072
0.83409	0.86836
0.44015	0.94833
0.12530	0.65509
0.45943	0.07421
0.30312	0.09936
0.59135	0.00090
0.53246	0.00831
0.14149	0.90374
0.43162	0.57996
0.77084	0.63344
0.95479	0.58354
0.23217	0.45590
0.01153	0.69275
0.54793	0.27329
0.84956	0.04293
0.09739	0.32393
0.70428	0.49637
0.26340	0.46561
0.93734	0.67999
0.42182	0.40772
0.46862	0.40440
0.02915	0.70975
0.23359	0.07021
0.11291	0.79948
0.45750	0.49015
0.57910	0.70150
0.12405	0.85982
0.70524	0.76766
0.03210	0.28599
0.59314	0.27580
0.16831	0.33636
0.07335	0.05450
0.19859	0.57413
0.75561	0.39871
0.08751	0.62080
0.18849	0.42397
0.17997	0.01253
0.50328	0.82586
0.30852	0.76429
0.05147	0.96113
0.37027	0.48660
0.17800	0.08815
0.98730	0.51016
0.23758	0.44039
0.36582	0.49320
0.36823	0.99975
0.50921	0.49873
0.26935	0.34506
0.65891	0.64680
0.60155	0.05392
0.68514	0.06415
0.98667	0.23381
0.33846	0.98999
0.04924	0.01876
0.03570	0.44656
0.23955	0.88881
0.09508	0.21332
0.06661	0.45638
0.80029	0.06412
0.63355	0.80502
0.74689	0.24560
0.55801	0.84924
0.53045	0.94602
0.25902	0.78240
0.93613	0.89104
0.82210	0.22233
0.21283	0.21246
0.55298	0.65448
0.11691	0.26183
0.69222	0.90127
0.07193	0.46604
0.39217	0.13553
0.32259	0.68837
0.11702	0.29106
0.73186	0.79026
0.20192	0.95972
0.20647	0.93572
0.14535	0.64304
0.50716	0.63142
0.52068	0.98791
0.77114	0.76886
0.99932	0.85612
0.60253	0.02970
0.95946	0.37986
0.32622	0.95007
0.59613	0.80053
0.58655	0.24430
0.85744	0.25409
0.82185	0.21654
0.51064	0.23024
0.20300	0.57602
0.04868	0.02916
0.89554	0.77877
0.85303	0.44080
0.83077	0.50286
0.92967	0.15671
0.61977	0.22409
0.58196	0.60245
0.00661	0.76826
0.29599	0.79370
0.70397	0.59449
0.13270	0.57236
0.40812	0.07372
0.74898	0.40798
0.91366	0.33643
0.68284	0.94203
0.25574	0.57017
0.97717	0.49760
0.10531	0.12162
0.73651	0.46642
0.02826	0.80393
0.39647	0.92910
0.41575	0.46535
0.36955	0.72979
0.73941	0.48062
0.62661	0.59341
0.95417	0.58422
0.65496	0.57731
0.55330	0.12964
0.42938	0.16444
0.15245	0.04701
0.71148	0.96010
0.40105	0.40157
0.15762	0.13443
0.13152	0.19536
0.51218	0.52922
0.11370	0.30648
0.48060	0.94087
0.07782	0.31750
0.87004	0.31329
0.31303	0.79994
0.65004	0.55981
0.35722	0.74520
0.45626	0.79820
0.31767	0.30869
0.83607	0.50291
0.83670	0.99980
0.94290	0.18534
0.43497	0.19530
0.09202	0.01278
0.71634	0.57123
0.42462	0.12608
0.30341	0.71046
0.68591	0.68667
0.41191	0.72668
0.87547	0.97212
0.28702	0.24129
0.37124	0.39583
0.62760	0.76485
0.25603	0.54234
0.03882	0.53940
0.06331	0.10946
0.55115	0.45610
0.74504	0.92150
0.01724	0.97019
0.37296	0.79673
0.50785	0.23502
0.13347	0.33971
0.75881	0.75595
0.09106	0.56872
0.87440	0.76523
0.93499	0.84878
0.89780	0.89318
0.99389	0.28762
0.70526	0.75203
0.25150	0.99782
0.63567	0.02490
0.48720	0.06180
0.62085	0.94334
0.00262	0.83038
0.02650	0.73731
0.14879	0.85906
0.22987	0.33072
0.12739	0.98590
0.84059	0.36538
0.78338	0.42716
0.48121	0.23367
0.61663	0.92930
0.16195	0.35949
0.49445	0.43095
0.63070	0.65657
0.15586	0.79074
0.56021	0.36957
0.40192	0.55265
0.34731	0.42235
0.23947	0.70509
0.38363	0.69130
0.99201	0.19839
0.56967	0.42963
0.62593	0.95926
0.82420	0.84213
0.16040	0.70014
0.49899	0.72947
0.17184	0.96579
0.64404	0.34671
0.91104	0.35848
0.01004	0.62936
0.02548	0.34832
0.65024	0.59414
0.48846	0.14995
0.82554	0.21457
0.35926	0.65082
0.89475	0.55750
0.82210	0.09769
0.98319	0.92596
0.65823	0.27130
0.55293	0.74788
0.90481	0.03155
0.86933	0.33428
0.52739	0.21415
0.29535	0.13337
0.89208	0.38365
0.95350	0.52385
0.09750	0.59863
0.75293	0.58655
0.91264	0.02807
0.34840	0.38318
0.26140	0.03046
0.20962	0.27282
0.82922	0.30199
0.98097	0.97659
0.15692	0.52585
0.95557	0.05686
0.86498	0.01406
0.43145	0.47061
0.55742	0.92209
0.88197	0.09740
0.66617	0.68422
0.84353	0.00542
0.81234	0.16547
0.75402	0.00466
0.64242	0.70999
0.92474	0.66742
0.37937	0.54958
0.69574	0.68138
0.30155	0.78797
0.59438	0.74661
0.31683	0.87878
0.48857	0.08314
0.14702	0.14767
0.48695	0.75276
0.03939	0.00496
0.59444	0.41350
0.12481	0.34327
0.13890	0.55567
0.48916	0.88779
0.46705	0.76552
0.08474	0.45714
0.62580	0.69087
0.95153	0.65626
0.14585	0.62500
0.35843	0.30388
0.40506	0.73402
0.33935	0.40291
0.98422	0.09321
0.39772	0.06270
0.18566	0.46879
0.06932	0.74285
0.51553	0.57987
0.05624	0.00299
0.55044	0.03539
0.60738	0.02077
0.35457	0.78756
0.44209	0.29735
0.57336	0.65880
0.00047	0.66941
0.91368	0.71061
0.76267	0.36827
0.44920	0.17894
0.34704	0.50590
0.55276	0.64726
0.48140	0.21577
0.53278	0.41260
0.23027	0.32979
0.12004	0.22267
0.29266	0.68310
0.06237	0.04222
0.21148	0.77571
0.81454	0.82243
0.79001	0.20389
0.34464	0.42119
0.68043	0.97669
0.20606	0.17625
0.41993	0.65629
0.67063	0.80921
0.80190	0.84473
0.39518	0.70270
0.20342	0.06699
0.41537	0.27954
0.89576	0.37750
0.76006	0.40722
0.09186	0.81878
0.71166	0.90020
0.61781	0.96006
0.10282	0.66801
0.80637	0.03467
0.25856	0.39590
0.24825	0.91885
0.79730	0.65616
0.02779	0.93927
0.16648	0.80042
0.67282	0.55652
0.03932	0.35049
0.59558	0.91274
0.73088	0.25932
0.82011	0.87836
0.80008	0.88964
0.89086	0.60204
0.35550	0.57566
0.53446	0.43979
0.68239	0.07399
0.63636	0.12378
0.82304	0.45546
0.10230	0.65006
0.98103	0.84848
0.13542	0.95716
0.32310	0.21744
0.29809	0.01678
0.14448	0.94824
0.85777	0.12449
0.89597	0.62985
0.56607	0.32787
0.85911	0.06770
0.51541	0.12015
0.05599	0.01293
0.78842	0.36363
0.00381	0.81321
0.18885	0.27586
0.17982	0.80251
0.64179	0.92473
0.91566	0.71297
0.60620	0.39360
0.87606	0.37281
0.92774	0.90731
0.79882	0.41505
0.48181	0.04337
0.33485	0.88862
0.44133	0.47062
0.73268	0.44686
0.57009	0.31639
0.21313	0.03135
0.91908	0.30160
0.92350	0.80156
0.44256	0.48393
0.20776	0.18840
0.21118	0.61429
0.90993	0.18908
0.59956	0.17437
0.98979	0.23526
0.68075	0.90724
0.17628	0.45368
0.05017	0.07254
0.60838	0.63271
0.98760	0.75361
0.08395	0.78101
0.33169	0.27465
0.48018	0.51822
0.81878	0.84542
0.73407	0.87213
0.99546	0.51420
0.08347	0.80637
0.05175	0.75762
0.91985	0.11008
0.73297	0.89444
0.43569	0.83158
0.93339	0.51983
0.13253	0.74878
0.76567	0.98743
0.72810	0.67585
0.05242	0.43796
0.03429	0.68485
0.04327	0.88839
0.24246	0.19312
0.84174	0.80698
0.84706	0.49965
0.65837	0.10889
0.63315	0.79732
0.84937	0.80148
0.24166	0.37574
0.08046	0.61825
0.74178	0.65944
0.52861	0.06661
0.08687	0.00240
0.71063	0.95811
0.48093	0.22498
0.13010	0.79741
0.07010	0.81361
0.58502	0.05669
0.17857	0.84985
0.68019	0.73991
0.57163	0.75290
0.29581	0.91751
0.71151	0.27523
0.77248	0.42760
0.78961	0.95700
0.36375	0.87165
0.26026	0.60698
0.64914	0.43986
0.05730	0.30530
0.75685	0.73919
0.66649	0.63188
0.90533	0.05028
0.60600	0.31644
0.18478	0.55160
0.12111	0.52950
0.51845	0.81837
0.85994	0.58468
0.29072	0.29427
0.70033	0.51582
0.05977	0.57279
0.13717	0.26460
0.90067	0.63952
0.16783	0.28756
0.15117	0.54259
0.06455	0.38728
0.44839	0.56978
0.46239	0.43243
0.34381	0.36562
0.33795	0.59060
0.02349	0.05539
0.09249	0.80529
0.49702	0.85766
0.47141	0.69370
0.20939	0.85046
0.47085	0.00861
0.80510	0.94985
0.44534	0.53402
0.02109	0.45498
0.96391	0.87790
0.12410	0.10868
0.54281	0.05633
0.28064	0.69960
0.95310	0.66215
0.55727	0.96385
0.24880	0.47543
0.94876	0.32971
0.39844	0.31284
0.98594	0.07817
0.60153	0.19479
0.17009	0.84208
0.07833	0.52541
0.61736	0.24642
0.02635	0.19481
0.15329	0.90462
0.38811	0.87775
0.89122	0.59882
0.31770	0.53217
0.64892	0.74294
0.86483	0.11237
0.33610	0.02903
0.08370	0.59379
0.60738	0.21842
0.20967	0.29608
0.01808	0.23455
0.58555	0.35048
0.84450	0.64610
0.21741	0.51990
0.11474	0.34034
0.48548	0.92226
0.20347	0.11942
0.81827	0.97652
0.33332	0.83530
0.79964	0.01526
0.37340	0.92163
0.00275	0.67194
0.62683	0.70241
0.08325	0.27779
0.52004	0.67059
0.17448	0.24089
0.88834	0.44471
0.29123	0.05803
0.40927	0.71315
0.27646	0.58500
0.95597	0.96018
0.59696	0.76596
0.19695	0.24462
0.01643	0.71524
0.54308	0.37571
0.76506	0.13313
0.85965	0.93014
0.78259	0.55911
0.92843	0.51462
0.84351	0.30904
0.88994	0.19022
0.61489	0.68683
0.35095	0.77031
0.48518	0.92959
0.90144	0.48116
0.23763	0.69275
0.80693	0.81268
0.35200	0.03096
0.45376	0.27122
0.28672	0.77518
0.48933	0.19346
0.75575	0.49826
0.12338	0.58028
0.70503	0.82098
0.72484	0.08092
0.81603	0.83463
0.97949	0.32961
0.38566	0.98818
0.15622	0.87098
0.15128	0.16089
0.49521	0.60120
0.26776	0.25779
0.11654	0.16085
0.93697	0.59133
0.65570	0.92191
0.03380	0.04389
0.29749	0.56252
0.85278	0.09423
0.51736	0.79090
0.21756	0.32023
0.09707	0.66819
0.60324	0.89725
0.50082	0.91493
0.08019	0.90823
0.81509	0.22277
0.90563	0.12908
0.87851	0.08678
0.70663	0.45358
0.39611	0.30775
0.95359	0.97194
0.98958	0.46687
0.14844	0.19718
0.53093	0.55971
0.37656	0.67061
0.97700	0.45774
0.28940	0.07321
0.05304	0.98288
0.94173	0.78445
0.66412	0.22828
0.45160	0.38576
0.34843	0.67791
0.85918	0.71521
0.83559	0.71412
0.75322	0.66875
0.02309	0.35146
0.76454	0.13794
0.93124	0.20768
0.50004	0.24501
0.05869	0.63295
0.30252	0.66893
0.32123	0.27458
0.10134	0.56514
0.39235	0.23467
0.65744	0.90926
0.54502	0.78327
0.40251	0.16400
0.32507	0.13721
0.39018	0.90261
0.20422	0.31369
0.97747	0.43693
0.95706	0.30101
0.57417	0.47956
0.63732	0.76640
0.01293	0.88446
0.79721	0.83078
0.29709	0.75554
0.31510	0.90017
0.44247	0.57175
0.40726	0.39330
0.22223	0.30239
0.33243	0.55755
0.73860	0.97491
0.47275	0.22645
0.44653	0.06953
0.47726	0.32680
0.18888	0.90508
0.94050	0.84448
0.70257	0.47463
0.70527	0.70164
0.41920	0.61339
0.10993	0.73133
0.18447	0.26907
0.20964	0.34300
0.80217	0.15363
0.81871	0.21363
0.41759	0.92071
0.38069	0.10621
0.07104	0.68374
0.25686	0.83120
0.88841	0.07175
0.63332	0.46262
0.81448	0.42598
0.69306	0.85616
0.06986	0.73403
0.34980	0.16718
0.65482	0.08190
0.95654	0.71718
0.18026	0.37099
0.83340	0.85818
0.74163	0.13795
0.96583	0.61956
0.93115	0.91185
0.14489	0.35276
0.13676	0.03947
0.17417	0.06490
0.13402	0.64421
0.28777	0.49466
0.83271	0.91026
0.62307	0.19151
0.05518	0.36393
0.06488	0.64726
0.48935	0.87663
0.24166	0.78312
0.68693	0.04578
0.70182	0.64963
0.33010	0.18974
0.10114	0.44589
0.73307	0.94974
0.25608	0.29829
0.38831	0.40604
0.84355	0.29575
0.22269	0.86812
0.83634	0.96026
0.47198	0.60518
0.82433	0.17319
0.11429	0.94452
0.70547	0.25077
0.12000	0.86269
0.84805	0.37825
0.99244	0.97443
0.45126	0.91472
0.07311	0.45937
0.57652	0.48496
0.25069	0.20597
0.68969	0.67394
0.38539	0.15940
0.52772	0.84641
0.58630	0.29012
0.91226	0.65298
0.00859	0.93317
0.75805	0.29261
0.24375	0.90325
0.32519	0.15903
0.48380	0.94914
0.62416	0.79424
0.39766	0.13980
0.38462	0.71838
0.29074	0.04857
0.78013	0.36723
0.72062	0.05931
0.18431	0.75440
0.82755	0.95095
0.81196	0.62642
0.65249	0.19000
0.44056	0.87275
0.72907	0.59809
0.33925	0.99441
0.88995	0.99622
0.55360	0.45885
0.70107	0.21451
0.57297	0.08841
0.36154	0.14135
0.74018	0.69019
0.16797	0.04453
0.87046	0.87117
0.95506	0.68928
0.29160	0.62723
0.57087	0.09281
0.92732	0.21688
0.19677	0.49354
0.68664	0.20659
0.60986	0.09312
0.84845	0.28947
0.78216	0.38753
0.34053	0.23218
0.65673	0.39734
0.76433	0.23235
0.34937	0.02690
0.44288	0.36783
0.68412	0.92729
0.39533	0.48384
0.05255	0.21866
0.34637	0.44720
0.08476	0.97859
0.63448	0.76793
0.30317	0.30997
0.22333	0.60145
0.94264	0.09390
0.08841	0.88096
0.84902	0.78478
0.43877	0.73758
0.53420	0.82185
0.60962	0.50076
0.64845	0.44051
0.99553	0.49783
0.96579	0.96693
0.78987	0.15516
0.29388	0.09542
0.28539	0.19619
0.05676	0.72680
0.98598	0.86126
0.56044	0.39486
0.05499	0.80362
0.59803	0.98435
0.05893	0.45111
0.41623	0.82233
0.50261	0.69154
0.41708	0.99041
0.94842	0.76586
0.93636	0.49243
0.53940	0.28322
0.02571	0.61885
0.71216	0.93621
0.14134	0.94643
0.83605	0.59884
0.21026	0.98766
0.44930	0.48224
0.29967	0.00600
0.61197	0.19956
0.83174	0.23814
0.01772	0.66030
0.04907	0.57172
0.99018	0.93831
0.12559	0.75771
0.11534	0.83974
0.24064	0.08777
0.06763	0.19206
0.09220	0.63936
0.50729	0.20342
0.83040	0.28946
0.47997	0.84749
0.50967	0.51469
0.26822	0.88637
0.93404	0.68468
0.71677	0.20352
0.97017	0.58832
0.39961	0.77173
0.96061	0.57253
0.25922	0.06464
0.06766	0.95143
0.08209	0.22120
0.24072	0.37644
0.02611	0.71764
0.99357	0.86018
0.49228	0.02024
0.38885	0.44331
0.86607	0.95447
0.29576	0.87596
0.11776	0.34059
0.98104	0.29781
0.87196	0.63439
0.92230	0.42669
0.42365	0.02335
0.49952	0.73286
0.80492	0.92833
0.86456	0.05566
0.27810	0.05622
0.47545	0.82874
0.74750	0.84643
0.20809	0.26180
0.73398	0.67183
0.61160	0.82111
0.35677	0.32522
0.15153	0.71598
0.67529	0.37069
0.74123	0.35183
0.92013	0.42780
0.97514	0.15903
0.24172	0.93979
0.17063	0.38698
0.08091	0.54273
0.03619	0.37678
0.37683	0.50194
0.00735	0.90691
0.91611	0.47343
0.89416	0.28919
0.08978	0.40760
0.55829	0.32672
0.36887	0.70146
0.39016	0.65709
0.54789	0.71912
0.00909	0.36394
0.35960	0.38051
0.24912	0.08723
0.34438	0.99925
0.20198	0.34696
0.38010	0.42956
0.22775	0.30437
0.24075	0.25326
0.64671	0.97492
0.85512	0.84454
0.72545	0.93759
0.00339	0.52139
0.49198	0.27911
0.58662	0.12490
0.51315	0.52123
0.32456	0.85410
0.88210	0.52469
0.97756	0.33383
0.41249	0.30666
0.24621	0.93633
0.69838	0.17661
0.32444	0.15888
0.16795	0.93173
0.35355	0.91292
0.39872	0.49327
0.80532	0.12308
0.55692	0.55544
0.74582	0.92494
0.68299	0.94220
0.49240	0.32064
0.84706	0.57917
0.34757	0.56617
0.37911	0.79067
0.63687	0.75340
0.07214	0.16002
0.92320	0.90575
0.23373	0.02197
0.41448	0.09016
0.01928	0.91157
0.16747	0.79897
0.47527	0.88299
0.22891	0.74373
0.98439	0.86468
0.15148	0.57019
0.17602	0.64514
0.18474	0.49305
0.97117	0.38449
0.66025	0.82064
0.17853	0.68118
0.25803	0.43329
0.15430	0.09690
0.83235	0.97577
0.17851	0.18312
0.20626	0.21304
0.28671	0.20177
0.83821	0.47405
0.15059	0.86394
0.45698	0.68736
0.41840	0.26964
0.09523	0.48384
0.18261	0.07126
0.93544	0.91611
0.19546	0.37297
0.35774	0.84732
0.61844	0.07993
0.42471	0.66499
0.43219	0.89229
0.40641	0.29118
0.37636	0.34546
0.50514	0.48529
0.31725	0.98864
0.31191	0.80656
0.33463	0.79563
0.25910	0.93424
0.35007	0.71494
0.45297	0.29062
0.30470	0.97625
0.67674	0.35215
0.62580	0.95444
0.48067	0.95796
0.30061	0.44093
0.75630	0.89479
0.64644	0.30086
0.96744	0.74554
0.96550	0.56968
0.50328	0.31109
0.88336	0.17408
0.14849	0.42888
0.32516	0.54637
0.52335	0.65189
0.95982	0.58946
0.86232	0.89428
0.63813	0.55071
0.97285	0.43939
0.45723	0.61250
0.68566	0.95633
0.37594	0.19210
0.27764	0.61000
0.58400	0.46938
0.77763	0.32534
0.95418	0.19777
0.01023	0.47460
0.49840	0.01707
0.16008	0.23995
0.24286	0.84708
0.59448	0.50434
0.53026	0.61040
0.45271	0.25215
0.59789	0.75019
0.74890	0.73302
0.20995	0.18764
0.49338	0.10139
0.91816	0.42550
0.54260	0.24592
0.22457	0.02583
0.53066	0.67774
0.69043	0.21730
0.40768	0.67084
0.31883	0.45796
0.76818	0.59006
0.72400	0.72716
0.19666	0.19953
0.55338	0.12767
0.64278	0.14954
0.89220	0.31602
0.66175	0.04250
0.95573	0.97070
0.44326	0.84358
0.16303	0.61662
0.84952	0.78949
0.52343	0.73831
0.40508	0.86996
0.65499	0.55398
0.15295	0.32680
0.83604	0.66454
0.42612	0.39363
0.94987	0.13300
0.18493	0.46140
0.99513	0.64223
0.04199	0.20511
0.98727	0.31370
0.03914	0.26074
0.34514	0.68477
0.25827	0.28158
0.31341	0.97101
0.49147	0.88265
0.57599	0.81767
0.33495	0.66182
0.17431	0.57814
0.97969	0.20329
0.55546	0.17385
0.10661	0.84069
0.92675	0.85004
0.07473	0.06060
0.38784	0.12279
0.38967	0.04115
0.37717	0.19554
0.19776	0.98426
0.02498	0.87072
0.65192	0.90557
0.84612	0.78781
0.96860	0.81848
0.61074	0.97692
0.25162	0.97326
0.44545	0.73964
0.97293	0.33373
0.37918	0.76499
0.14132	0.78234
0.82595	0.99262
0.15062	0.59163
0.30659	0.58413
0.92389	0.89140
0.46884	0.50699
0.90174	0.15028
0.55011	0.46096
0.12703	0.58890
0.38974	0.15113
0.01936	0.25699
0.00017	0.97881
0.47159	0.59774
0.00049	0.36823
0.09992	0.80567
0.36991	0.72329
0.50944	0.81715
0.04160	0.28523
0.39019	0.68037
0.57380	0.49665
0.47366	0.83817
0.65995	0.92315
0.64237	0.21587
0.04572	0.26849
0.05024	0.67030
0.70933	0.78291
0.40759	0.03097
0.16943	0.78133
0.62373	0.38776
0.77746	0.27101
0.41587	0.83523
0.10097	0.30486
0.59963	0.01469
0.50567	0.53225
0.89978	0.89320
0.48146	0.12672
0.05606	0.85940
0.57325	0.24570
0.04366	0.82224
0.48034	0.61660
0.74701	0.29867
0.34891	0.90477
0.09584	0.28449
0.15678	0.14145
0.66748	0.83882
0.32246	0.03499
0.42155	0.68839
0.42976	0.17320
0.27570	0.04904
0.49760	0.92628
0.50088	0.36332
0.48287	0.97582
0.20429	0.46772
0.56369	0.64329
0.96825	0.07098
0.46941	0.08103
0.85163	0.06208
0.04753	0.16595
0.13863	0.56893
0.87614	0.39456
0.19542	0.82599
0.53038	0.89319
0.90346	0.78551
0.63868	0.68536
0.21313	0.47921
0.23282	0.79297
0.30098	0.07241
0.71319	0.21488
0.06121	0.14782
0.80761	0.05623
0.41692	0.97992
0.13300	0.40510
0.55942	0.42859
0.78239	0.35855
0.96569	0.20259
0.21307	0.83915
0.86700	0.80330
0.91708	0.66839
0.86977	0.71633
0.09412	0.74250
0.09894	0.70678
0.72428	0.63953
0.11204	0.47555
0.61364	0.17048
0.24692	0.41011
0.96705	0.51582
0.16101	0.34210
0.60931	0.07114
0.46271	0.13273
0.41417	0.36368
0.03934	0.11974
0.87725	0.91521
0.06417	0.66301
0.01129	0.66133
0.72653	0.19650
0.12077	0.88271
0.95009	0.77550
0.52789	0.31379
0.44196	0.27057
0.23978	0.02772
0.51708	0.76806
0.31612	0.49411
0.40288	0.32195
0.84198	0.15103
0.02856	0.38699
0.81451	0.71013
0.48622	0.67971
0.91860	0.30449
0.21384	0.33101
0.57988	0.01506
0.21473	0.01341
0.36978	0.87873
0.25820	0.89673
0.19272	0.37701
0.95296	0.95780
0.12326	0.17225
0.91946	0.77441
0.05545	0.82043
0.26553	0.71800
0.50722	0.67801
0.10062	0.21501
0.55209	0.67550
0.21052	0.11440
0.84303	0.43745
0.69727	0.56020
0.58103	0.64461
0.71329	0.58697
0.28186	0.20176
0.78524	0.93628
0.09097	0.43959
0.46756	0.53297
0.53136	0.90449
0.36865	0.47993
0.78287	0.85308
0.01047	0.64449
0.49079	0.34413
0.65289	0.29788
0.67457	0.17563
0.54619	0.33883
0.45953	0.56354
0.18616	0.19413
0.79792	0.25617
0.02828	0.56034
0.22814	0.96668
0.06303	0.95907
0.56827	0.82359
0.08026	0.36132
0.08517	0.21821
0.18053	0.19246
0.69151	0.32712
0.72568	0.08180
0.92799	0.58958
0.53563	0.72626
0.65876	0.50281
0.87297	0.60051
0.54490	0.62565
0.78320	0.27252
0.21566	0.26456
0.33279	0.26690
0.21311	0.76151
0.09297	0.93953
0.89992	0.04907
0.57881	0.19641
0.95831	0.61079
0.67673	0.84291
0.34759	0.40905
0.82233	0.49421
0.69742	0.55781
0.98381	0.28586
0.58934	0.41710
0.16661	0.84047
0.88417	0.76967
0.17502	0.54309
0.79333	0.78187
0.33911	0.81325
0.61478	0.24150
0.91315	0.41172
0.50748	0.51892
0.96756	0.25979
0.65935	0.06397
0.68289	0.96828
0.61102	0.13285
0.38150	0.42400
0.00650	0.85031
0.88294	0.47024
0.30349	0.92165
0.14665	0.53124
0.42463	0.82115
0.99618	0.96319
0.59474	0.44491
0.71811	0.76046
0.44618	0.03807
0.89674	0.66562
0.07905	0.23340
0.18079	0.03354
0.15068	0.06347
0.26879	0.07433
0.37263	0.17288
0.29615	0.60291
0.84992	0.30798
0.68490	0.45827
0.77512	0.81667
0.31042	0.69902
0.86238	0.18420
0.70659	0.59137
0.83386	0.58903
0.76376	0.41992
0.56286	0.50468
0.30146	0.30634
0.62762	0.16382
0.52865	0.75730
0.93435	0.24652
0.69951	0.19842
0.44086	0.29205
0.10806	0.59988
0.08274	0.52500
0.18401	0.89996
0.38759	0.78400
0.24417	0.22730
0.63574	0.55564
0.48401	0.90041
0.38221	0.69920
0.16411	0.15105
0.47003	0.06219
0.33119	0.37939
0.57966	0.36744
0.19629	0.24484
0.35435	0.12336
0.80375	0.58876
0.55599	0.15571
0.10631	0.50856
0.27751	0.86700
0.64190	0.74765
0.95221	0.88613
0.50240	0.69403
0.08485	0.34050
0.44911	0.59287
0.40607	0.58176
0.41376	0.81680
0.20108	0.66215
0.11411	0.04738
0.94147	0.55876
0.02979	0.36777
0.15796	0.10930
0.23974	0.72631
0.45827	0.68771
0.02089	0.67958
0.47714	0.29362
0.32416	0.14650
0.41632	0.84790
0.68185	0.20632
0.57075	0.59404
0.42937	0.41796
0.68754	0.40510
0.86976	0.85459
0.46074	0.69147
0.63450	0.22578
0.38452	0.50285
0.17206	0.87387
0.92580	0.83201
0.26599	0.34003
0.43156	0.58239
0.77220	0.99666
0.84872	0.47703
0.03776	0.26682
0.75473	0.50020
0.34582	0.61522
0.72859	0.90129
0.44748	0.86247
0.33866	0.25113
0.76561	0.24390
0.01239	0.31457
0.71983	0.67426
0.15357	0.95041
0.39059	0.14983
0.98491	0.72042
0.60764	0.79886
0.46740	0.39060
0.42406	0.55721
0.52477	0.72715
0.65177	0.87562
0.26834	0.44144
0.95108	0.54848
0.07320	0.89387
0.31740	0.05562
0.58151	0.86520
0.26324	0.37555
0.10889	0.07509
0.48282	0.35884
0.08131	0.90342
0.83116	0.42905
0.38344	0.64910
0.04714	0.55373
0.03121	0.44791
0.86102	0.22009
0.72244	0.00242
