30	435	34
60	1770	60
90	4005	106
120	7140	130
150	11175	172
180	16110	244
210	21945	269
240	28680	270
270	36315	294
300	44850	350
330	54285	425
360	64620	476
390	75855	519
420	87990	521
450	101025	537
480	114960	547
510	129795	554
540	145530	637
570	162165	674
600	179700	733
630	198135	781
660	217470	865
690	237705	914
720	258840	988
750	280875	1017
780	303810	1088
810	327645	1060
840	352380	1074
870	378015	1087
900	404550	1096
930	431985	1125
960	460320	1124
990	489555	1118
1020	519690	1129
1050	550725	1186
1080	582660	1253
1110	615495	1286
1140	649230	1351
1170	683865	1412
1200	719400	1509
1230	755835	1528
1260	793170	1596
1290	831405	1692
1320	870540	1732
1350	910575	1767
1380	951510	1853
1410	993345	1895
1440	1036080	1965
1470	1079715	1995
1500	1124250	2100
1530	1169685	2144
1560	1216020	2179
1590	1263255	2174
1620	1311390	2171
1650	1360425	2165
1680	1410360	2220
1710	1461195	2189
1740	1512930	2238
1770	1565565	2206
1800	1619100	2209
1830	1673535	2220
1860	1728870	2238
1890	1785105	2239
1920	1842240	2244
1950	1900275	2296
26	325	26
56	1540	61
86	3655	102
116	6670	128
146	10585	169
176	15400	229
206	21115	258
236	27730	268
266	35245	288
296	43660	335
326	52975	408
356	63190	469
386	74305	521
416	86320	536
446	99235	527
476	113050	545
506	127765	566
536	143380	640
566	159895	653
596	177310	713
626	195625	782
656	214840	842
686	234955	893
716	255970	954
746	277885	1000
776	300700	1054
806	324415	1046
836	349030	1073
866	374545	1086
896	400960	1083
926	428275	1107
956	456490	1119
50	1225	64
100	4950	124
150	11175	190
200	19900	264
250	31125	278
300	44850	364
350	61075	457
400	79800	524
450	101025	528
500	124750	545
550	150975	632
600	179700	711
650	210925	815
700	244650	916
750	280875	1008
800	319600	1061
850	360825	1075
900	404550	1074
950	450775	1101
1000	499500	1080
1050	550725	1152
1100	604450	1247
1150	660675	1348
34	561	32
84	3486	102
134	8911	150
184	16836	238
234	27261	274
284	40186	317
334	55611	425
384	73536	548
434	93961	558
484	116886	566
45	0	54
95	0	124
145	0	168
195	0	262
245	0	278
295	0	368
345	0	465
395	0	548
445	0	557
495	0	573
545	0	638
595	0	711
645	0	846
695	0	936
745	0	1020
795	0	1089
845	0	1118
895	0	1101
945	0	1122
995	0	1141
1045	0	1174
1095	0	1298
1145	0	1368
1195	0	1479
1245	0	1567
1295	0	1648
1345	0	1754
1395	0	1856
1445	0	1938
1495	0	2056
1545	0	2127
1595	0	2162
1645	0	2175
1695	0	2157
1745	0	2168
1795	0	2201
1845	0	2208
1895	0	2215
1945	0	2247
1995	0	2249
2045	0	2276
2095	0	2373
2145	0	2478
2195	0	2534
2245	0	2668
2295	0	2748
2345	0	2854
2395	0	2953
2445	0	3036
2495	0	3106
2545	0	3221
2595	0	3322
2645	0	3414
2695	0	3542
2745	0	3644
2795	0	3729
2845	0	3883
2895	0	3966
2945	0	4070
2995	0	4156
3045	0	4269
3095	0	4346
3145	0	4331
3195	0	4344
3245	0	4397
3295	0	4396
3345	0	4428
3395	0	4452
3445	0	4465
3495	0	4469
3545	0	4461
3595	0	4494
3645	0	4468
3695	0	4510
3745	0	4528
3795	0	4537
3845	0	4555
3895	0	4536
3945	0	4540
3995	0	4588
4045	0	4653
4095	0	4606
4145	0	4778
4195	0	4809
4245	0	4887
4295	0	5002
4345	0	5071
4395	0	5246
4445	0	5371
4495	0	5415
4545	0	5452
4595	0	5594
4645	0	5655
4695	0	5789
4745	0	5879
4795	0	5970
4845	0	6075
4895	0	6167
4945	0	6309
4995	0	6360
