1	0	0
2	2	0
3	2	2
4	6	4
5	4	6
6	8	10
7	8	14
8	12	18
9	10	24
10	12	26
11	16	32
12	18	40
13	20	42
14	22	50
15	20	54
16	26	62
17	24	68
18	30	70
19	30	78
20	34	86
21	34	98
22	34	104
23	38	112
24	42	118
25	42	128
26	38	134
27	44	138
28	50	148
29	46	150
30	50	154
31	50	162
32	52	178
33	58	182
34	58	190
35	52	206
36	64	212
37	66	218
38	66	232
39	64	236
40	64	246
41	70	258
42	68	264
43	68	272
44	64	280
45	72	290
46	84	298
47	80	306
48	90	326
49	86	328
50	84	332
51	88	344
52	92	350
53	90	362
54	92	374
55	96	388
56	98	388
57	100	404
58	98	406
59	104	410
60	108	432
61	100	440
62	110	442
63	112	450
64	106	460
65	114	482
66	114	488
67	124	500
68	124	514
69	122	528
70	118	530
71	122	548
72	122	548
73	116	564
74	126	564
75	132	588
76	138	586
77	140	602
78	142	618
79	142	630
80	128	638
81	144	644
82	134	650
83	150	674
84	158	672
85	152	696
86	156	698
87	158	726
88	146	720
89	166	738
90	156	746
91	166	764
92	158	752
93	160	780
94	170	786
95	172	806
96	170	806
97	174	820
98	166	820
99	184	854
100	168	862
101	186	872
102	178	884
103	186	884
104	192	890
105	186	900
106	184	926
107	194	938
108	204	956
109	196	954
110	192	962
111	202	998
112	198	980
113	196	988
114	202	1018
115	202	1028
116	202	1032
117	220	1032
118	214	1064
119	220	1070
120	218	1080
121	210	1092
122	220	1110
123	222	1126
124	222	1116
125	228	1146
126	236	1172
127	222	1160
128	238	1182
129	232	1198
130	244	1210
131	234	1212
132	246	1238
133	236	1226
134	242	1240
135	242	1266
136	246	1286
137	236	1280
138	240	1306
139	240	1308
140	260	1308
141	256	1322
142	254	1338
143	266	1358
144	260	1366
145	264	1390
146	268	1404
147	260	1428
148	272	1418
149	260	1442
150	264	1442
151	280	1466
152	280	1480
153	274	1484
154	286	1516
155	286	1514
156	280	1512
157	278	1536
158	288	1556
159	290	1576
160	286	1576
161	290	1578
162	296	1594
163	298	1610
164	298	1634
165	306	1636
166	316	1650
167	310	1676
168	308	1676
169	318	1706
170	320	1708
171	310	1728
172	320	1752
173	310	1732
174	324	1776
175	320	1772
176	328	1782
177	322	1796
178	316	1802
179	334	1842
180	338	1832
181	330	1858
182	322	1862
183	336	1876
184	338	1890
185	330	1904
186	336	1912
187	340	1918
188	346	1930
189	342	1950
190	350	1954
191	338	1958
192	350	1988
193	348	1984
194	364	2032
195	356	2038
196	358	2052
197	360	2050
198	352	2070
199	358	2088
200	358	2098
201	366	2082
202	364	2134
203	372	2134
204	382	2132
205	362	2154
206	360	2168
207	350	2194
208	394	2200
209	392	2230
210	376	2210
211	388	2242
212	382	2278
213	382	2278
214	390	2302
215	406	2286
216	386	2294
217	404	2322
218	406	2342
219	402	2348
220	392	2364
221	404	2372
222	396	2392
223	402	2392
224	406	2396
225	406	2420
226	414	2442
227	410	2458
228	432	2474
229	426	2462
230	420	2490
231	416	2504
232	422	2528
233	434	2560
234	440	2564
235	434	2566
236	438	2586
237	426	2588
238	422	2620
239	418	2630
240	452	2630
241	444	2650
242	440	2662
243	424	2666
244	450	2688
245	442	2700
246	432	2684
247	444	2724
248	454	2728
249	458	2744
250	448	2766
251	474	2798
252	452	2804
253	456	2798
254	464	2820
255	468	2838
256	476	2854
257	476	2868
258	474	2868
259	490	2902
260	470	2878
261	454	2902
262	476	2934
263	476	2928
264	482	2982
265	482	2972
266	494	2978
267	496	3022
268	484	3034
269	480	3032
270	486	3034
271	496	3050
272	502	3086
273	486	3104
274	514	3104
275	490	3126
276	510	3154
277	510	3132
278	518	3162
279	508	3182
280	514	3194
281	526	3210
282	514	3218
283	508	3214
284	516	3256
285	512	3282
286	538	3272
287	534	3272
288	530	3310
289	528	3324
290	546	3340
291	544	3376
292	540	3366
293	538	3372
294	530	3414
295	546	3420
296	550	3404
297	560	3436
298	548	3448
299	548	3474
300	540	3478
301	554	3498
302	552	3490
303	544	3538
304	544	3520
305	558	3552
306	566	3578
307	568	3574
308	576	3580
309	558	3618
310	574	3620
311	578	3656
312	570	3636
313	568	3654
314	594	3672
315	576	3696
316	578	3710
317	594	3710
318	578	3732
319	592	3758
320	590	3764
321	584	3784
322	576	3792
323	604	3820
324	584	3838
325	578	3810
326	610	3858
327	602	3884
328	602	3888
329	614	3914
330	612	3930
331	630	3942
332	604	3962
333	630	3978
334	620	4006
335	616	3974
336	642	4012
337	614	4008
338	624	4016
339	604	4052
340	620	4066
341	628	4088
342	608	4106
343	598	4106
344	622	4128
345	640	4138
346	642	4194
347	654	4180
348	634	4208
349	628	4220
350	644	4238
351	644	4224
352	660	4252
353	630	4276
354	658	4290
355	640	4284
356	664	4312
357	652	4316
358	680	4310
359	660	4342
360	658	4340
361	670	4390
362	668	4384
363	674	4434
364	674	4456
365	660	4450
366	694	4484
367	666	4462
368	672	4496
369	694	4510
370	688	4520
371	674	4536
372	680	4562
373	670	4564
374	684	4592
375	690	4606
376	684	4582
377	698	4642
378	698	4664
379	684	4658
380	680	4668
381	708	4706
382	714	4696
383	702	4716
384	716	4736
385	708	4756
386	730	4748
387	714	4772
388	720	4786
389	712	4818
390	720	4794
391	712	4820
392	726	4832
393	714	4854
394	708	4868
395	726	4906
396	740	4892
397	742	4936
398	700	4964
399	744	4978
400	738	4994
401	740	4998
402	758	5022
403	758	5006
404	728	5050
405	748	5070
406	754	5090
407	752	5094
408	744	5100
409	752	5102
410	752	5112
411	770	5138
412	776	5162
413	772	5184
414	776	5194
415	758	5226
416	762	5218
417	778	5226
418	780	5230
419	804	5270
420	770	5296
421	756	5274
422	780	5316
423	794	5356
424	800	5326
425	760	5342
426	790	5372
427	778	5406
428	760	5404
429	796	5422
430	796	5440
431	764	5450
432	794	5422
433	832	5456
434	810	5450
435	788	5538
436	816	5512
437	806	5514
438	810	5518
439	802	5582
440	818	5580
441	800	5592
442	834	5616
443	802	5622
444	828	5658
445	826	5650
446	832	5696
447	836	5710
448	850	5676
449	836	5726
450	842	5728
451	836	5754
452	846	5788
453	826	5790
454	842	5762
455	844	5796
456	854	5844
457	866	5846
458	864	5860
459	852	5874
460	866	5872
461	848	5938
462	842	5940
463	832	5934
464	860	5956
465	870	5960
466	862	5986
467	868	6000
468	890	6010
469	872	6036
470	876	6048
471	866	6048
472	874	6104
473	870	6088
474	874	6114
475	872	6122
476	876	6116
477	870	6126
478	868	6196
479	858	6198
480	884	6186
481	892	6216
482	890	6220
483	884	6232
484	890	6286
485	910	6286
486	908	6306
487	918	6292
488	898	6336
489	914	6354
490	914	6348
491	936	6348
492	920	6392
493	912	6426
494	918	6404
495	938	6436
496	948	6474
497	910	6450
498	938	6486
499	932	6516
500	932	6506
501	904	6516
502	944	6544
503	954	6554
504	928	6580
505	940	6580
506	942	6598
507	944	6618
508	944	6636
509	952	6660
510	960	6656
511	944	6664
512	948	6702
513	948	6696
514	934	6724
515	952	6736
516	978	6760
517	962	6772
518	986	6750
519	960	6780
520	970	6830
521	966	6834
522	974	6864
523	986	6880
524	980	6888
525	984	6958
526	982	6936
527	986	6966
528	976	6944
529	962	6968
530	990	7006
531	966	7014
532	978	7046
533	974	7020
534	1008	7052
535	986	7062
536	988	7058
537	998	7114
538	998	7146
539	1000	7146
540	1020	7126
541	1016	7156
542	1014	7166
543	990	7194
544	1016	7226
545	994	7232
546	1004	7236
547	1000	7268
548	1020	7276
549	1010	7296
550	1004	7322
551	1016	7340
552	1022	7362
553	1008	7334
554	994	7362
555	1044	7392
556	1040	7400
557	1044	7424
558	1006	7466
559	1040	7440
560	1026	7494
561	1052	7490
562	1048	7492
563	1060	7528
564	1068	7540
565	1006	7570
566	1056	7582
567	1054	7606
568	1020	7602
569	1074	7602
570	1068	7648
571	1054	7654
572	1044	7668
573	1060	7712
574	1064	7720
575	1074	7750
576	1082	7726
577	1068	7752
578	1084	7768
579	1066	7804
580	1096	7796
581	1078	7848
582	1066	7848
583	1066	7862
584	1078	7886
585	1084	7868
586	1078	7900
587	1116	7940
588	1094	7970
589	1088	7978
590	1114	7964
591	1084	8014
592	1086	8018
593	1098	8008
594	1110	8086
595	1118	8078
596	1090	8060
597	1110	8100
598	1126	8106
599	1112	8138
600	1102	8172
601	1104	8126
602	1126	8144
603	1098	8218
604	1124	8218
605	1130	8220
606	1122	8238
607	1128	8254
608	1136	8286
609	1136	8290
610	1122	8310
611	1154	8320
612	1116	8324
613	1158	8362
614	1126	8390
615	1158	8418
616	1170	8404
617	1136	8416
618	1150	8468
619	1168	8432
620	1158	8482
621	1168	8514
622	1156	8510
623	1164	8506
624	1182	8536
625	1162	8576
626	1168	8558
627	1160	8590
628	1176	8616
629	1172	8614
630	1166	8622
631	1138	8650
632	1170	8684
633	1186	8702
634	1156	8674
635	1202	8732
636	1202	8760
637	1176	8732
638	1194	8780
639	1184	8816
640	1188	8806
641	1194	8816
642	1198	8876
643	1226	8858
644	1214	8858
645	1188	8866
646	1218	8908
647	1192	8914
648	1188	8962
649	1220	8944
650	1192	8936
651	1216	8978
652	1224	9022
653	1226	9048
654	1228	9030
655	1206	9062
656	1240	9094
657	1212	9084
658	1236	9104
659	1200	9112
660	1224	9156
661	1196	9174
662	1222	9170
663	1240	9214
664	1206	9162
665	1224	9216
666	1234	9258
667	1228	9242
668	1224	9252
669	1236	9342
670	1272	9328
671	1282	9336
672	1218	9346
673	1262	9378
674	1242	9388
675	1232	9420
676	1266	9422
677	1240	9440
678	1256	9466
679	1270	9454
680	1288	9490
681	1252	9482
682	1250	9536
683	1244	9568
684	1262	9528
685	1286	9588
686	1264	9556
687	1278	9594
688	1272	9578
689	1256	9636
690	1278	9698
691	1284	9662
692	1298	9726
693	1278	9726
694	1272	9736
695	1262	9744
696	1276	9724
697	1312	9754
698	1302	9782
699	1302	9796
700	1282	9834
701	1278	9852
702	1300	9876
703	1338	9890
704	1332	9884
705	1312	9914
706	1316	9934
707	1342	9930
708	1314	9984
709	1316	9972
710	1338	10006
711	1322	10042
712	1338	10020
713	1308	10050
714	1334	10076
715	1340	10074
716	1340	10104
717	1304	10116
718	1342	10138
719	1316	10132
720	1322	10146
721	1324	10184
722	1360	10204
723	1346	10240
724	1348	10218
725	1342	10238
726	1346	10272
727	1372	10286
728	1352	10268
729	1370	10314
730	1360	10348
731	1386	10350
732	1364	10348
733	1362	10366
734	1376	10398
735	1396	10416
736	1376	10430
737	1370	10412
738	1370	10456
739	1374	10506
740	1354	10500
741	1374	10522
742	1390	10544
743	1394	10546
744	1412	10570
745	1374	10606
746	1366	10586
747	1404	10666
748	1408	10632
749	1388	10654
750	1414	10674
751	1406	10692
752	1386	10694
753	1418	10774
754	1382	10714
755	1414	10788
756	1396	10774
757	1404	10798
758	1414	10786
759	1406	10830
760	1380	10880
761	1402	10832
762	1416	10894
763	1398	10864
764	1440	10896
765	1418	10954
766	1438	10928
767	1408	10994
768	1422	10996
769	1434	10984
770	1428	10998
771	1424	11046
772	1448	11042
773	1436	11072
774	1438	11118
775	1450	11108
776	1462	11124
777	1448	11144
778	1476	11164
779	1456	11174
780	1464	11210
781	1456	11220
782	1464	11248
783	1438	11200
784	1444	11272
785	1470	11260
786	1482	11304
787	1466	11324
788	1476	11308
789	1478	11372
790	1490	11356
791	1464	11398
792	1464	11412
793	1488	11416
794	1468	11432
795	1472	11462
796	1470	11462
797	1488	11464
798	1474	11520
799	1488	11532
800	1504	11510
801	1472	11532
802	1486	11558
803	1468	11588
804	1514	11580
805	1514	11584
806	1466	11610
807	1488	11660
808	1528	11652
809	1518	11714
810	1516	11706
811	1516	11734
812	1486	11774
813	1504	11742
814	1500	11798
815	1518	11830
816	1514	11810
817	1542	11744
818	1498	11876
819	1522	11832
820	1484	11908
821	1530	11920
822	1524	11938
823	1510	11936
824	1524	11922
825	1532	11978
826	1542	11942
827	1560	11954
828	1552	11996
829	1544	12046
830	1552	12038
831	1562	12052
832	1544	12070
833	1580	12106
834	1528	12150
835	1528	12094
836	1554	12158
837	1538	12160
838	1552	12190
839	1572	12236
840	1584	12252
841	1558	12254
842	1546	12238
843	1570	12258
844	1590	12266
845	1542	12306
846	1592	12284
847	1564	12350
848	1588	12400
849	1604	12374
850	1596	12406
851	1600	12386
852	1572	12420
853	1596	12468
854	1592	12456
855	1614	12448
856	1576	12486
857	1598	12542
858	1606	12548
859	1604	12540
860	1570	12530
861	1598	12604
862	1598	12600
863	1602	12630
864	1612	12608
865	1612	12656
866	1622	12694
867	1624	12666
868	1624	12692
869	1604	12706
870	1626	12704
871	1628	12720
872	1598	12812
873	1644	12786
874	1640	12786
875	1620	12802
876	1624	12864
877	1630	12846
878	1628	12938
879	1660	12882
880	1638	12882
881	1630	12952
882	1654	12956
883	1638	12940
884	1668	12958
885	1650	13000
886	1626	13026
887	1644	13028
888	1642	13078
889	1668	13066
890	1656	13064
891	1670	13132
892	1684	13140
893	1662	13160
894	1682	13196
895	1672	13174
896	1682	13162
897	1688	13184
898	1664	13234
899	1686	13250
900	1662	13316
901	1688	13274
902	1668	13308
903	1666	13312
904	1688	13308
905	1706	13372
906	1700	13352
907	1704	13374
908	1710	13440
909	1680	13440
910	1696	13422
911	1678	13456
912	1742	13416
913	1708	13464
914	1700	13526
915	1710	13546
916	1702	13540
917	1716	13592
918	1702	13570
919	1692	13576
920	1722	13618
921	1724	13634
922	1712	13606
923	1730	13642
924	1722	13684
925	1726	13710
926	1720	13712
927	1724	13732
928	1732	13766
929	1732	13754
930	1766	13832
931	1746	13814
932	1710	13800
933	1750	13812
934	1768	13880
935	1762	13880
936	1748	13878
937	1730	13894
938	1760	13882
939	1744	13962
940	1756	13970
941	1760	13990
942	1786	14002
943	1750	13978
944	1790	14006
945	1804	14076
946	1794	14060
947	1788	14024
948	1780	14100
949	1762	14138
950	1766	14144
951	1794	14162
952	1794	14152
953	1782	14176
954	1758	14218
955	1768	14200
956	1794	14244
957	1814	14280
958	1778	14250
959	1770	14290
960	1810	14302
961	1804	14312
962	1784	14338
963	1796	14372
964	1790	14374
965	1798	14406
966	1816	14416
967	1802	14444
968	1830	14482
969	1806	14476
970	1804	14482
971	1834	14504
972	1830	14554
973	1824	14546
974	1826	14542
975	1798	14576
976	1838	14540
977	1832	14604
978	1812	14596
979	1800	14594
980	1820	14616
981	1822	14666
982	1846	14666
983	1842	14658
984	1862	14730
985	1852	14788
986	1860	14736
987	1844	14744
988	1836	14774
989	1812	14788
990	1854	14848
991	1854	14838
992	1854	14844
993	1866	14946
994	1866	14918
995	1852	14912
996	1860	14930
997	1874	14928
998	1870	14974
999	1892	14954
1000	1874	14998
1001	1852	15022
1002	1886	15022
1003	1872	15066
1004	1882	15052
1005	1904	15112
1006	1882	15076
1007	1864	15136
1008	1866	15138
1009	1868	15134
1010	1846	15132
1011	1916	15166
1012	1854	15184
1013	1874	15250
1014	1884	15262
1015	1874	15304
1016	1888	15280
1017	1888	15310
1018	1900	15360
1019	1914	15308
1020	1894	15332
1021	1914	15380
1022	1920	15396
1023	1886	15418
1024	1916	15432
1025	1904	15430
1026	1884	15492
1027	1920	15472
1028	1934	15474
1029	1922	15538
1030	1926	15588
1031	1912	15574
1032	1924	15568
1033	1948	15534
1034	1896	15644
1035	1898	15614
1036	1936	15624
1037	1926	15648
1038	1958	15676
1039	1948	15696
1040	1930	15686
1041	1968	15700
1042	1988	15726
1043	1958	15768
1044	1952	15810
1045	1942	15796
1046	1944	15794
1047	1944	15854
1048	1956	15854
1049	1976	15868
1050	1950	15920
1051	1966	15936
1052	1968	15896
1053	1944	15950
1054	1990	15958
1055	1972	15948
1056	1952	15982
1057	1968	16040
1058	1972	16012
1059	1966	16042
1060	1966	16096
1061	1946	16090
1062	1996	16080
1063	1954	16146
1064	2008	16146
1065	1996	16142
1066	2008	16182
1067	2004	16230
1068	1994	16194
1069	2000	16206
1070	1986	16254
1071	2010	16234
1072	1974	16336
1073	1982	16322
1074	1994	16316
1075	1962	16384
1076	1976	16324
1077	2034	16416
1078	1940	16424
1079	1978	16436
1080	2014	16474
1081	1982	16478
1082	2038	16458
1083	1996	16498
1084	2002	16510
1085	2062	16524
1086	2006	16562
1087	2042	16558
1088	2002	16656
1089	2046	16564
1090	2028	16652
1091	2046	16640
1092	2008	16636
1093	2022	16662
1094	2026	16686
1095	2052	16708
1096	2064	16704
1097	2076	16760
1098	2032	16796
1099	2040	16788
1100	2054	16816
1101	2072	16828
1102	2074	16830
1103	2058	16908
1104	2058	16916
1105	2058	16908
1106	2064	16920
1107	2054	16906
1108	2080	16958
1109	2068	16948
1110	2054	16988
1111	2040	17022
1112	2114	17044
1113	2082	17050
1114	2104	17026
1115	2080	17090
1116	2076	17120
1117	2062	17178
1118	2064	17132
1119	2090	17138
1120	2082	17170
1121	2074	17156
1122	2058	17224
1123	2098	17250
1124	2100	17286
1125	2118	17248
1126	2130	17332
1127	2096	17276
1128	2132	17352
1129	2084	17314
1130	2110	17370
1131	2086	17386
1132	2136	17394
1133	2124	17390
1134	2112	17412
1135	2110	17444
1136	2148	17434
1137	2130	17518
1138	2120	17488
1139	2138	17540
1140	2100	17580
1141	2158	17586
1142	2134	17608
1143	2092	17576
1144	2136	17592
1145	2112	17672
1146	2112	17644
1147	2140	17650
1148	2126	17742
1149	2160	17676
1150	2122	17744
1151	2132	17752
1152	2150	17776
1153	2156	17852
1154	2174	17792
1155	2158	17802
1156	2170	17832
1157	2166	17886
1158	2160	17876
1159	2160	17928
1160	2182	17930
1161	2176	17910
1162	2178	17948
1163	2176	17946
1164	2196	17988
1165	2206	18012
1166	2142	18008
1167	2190	18056
1168	2210	18098
1169	2182	18102
1170	2218	18130
1171	2168	18118
1172	2164	18144
1173	2196	18170
1174	2182	18210
1175	2206	18208
1176	2164	18232
1177	2190	18274
1178	2196	18296
1179	2202	18254
1180	2204	18322
1181	2192	18260
1182	2218	18310
1183	2214	18332
1184	2186	18342
1185	2222	18402
1186	2210	18376
1187	2206	18414
1188	2220	18438
1189	2218	18500
1190	2212	18462
1191	2254	18504
1192	2224	18486
1193	2236	18522
1194	2226	18536
1195	2196	18566
1196	2212	18604
1197	2242	18612
1198	2220	18622
1199	2238	18664
1200	2236	18678
1201	2242	18748
1202	2224	18700
1203	2272	18714
1204	2234	18690
1205	2242	18776
1206	2260	18794
1207	2274	18842
1208	2264	18834
1209	2250	18806
1210	2232	18864
1211	2238	18866
1212	2252	18870
1213	2238	18864
1214	2232	18914
1215	2266	19000
1216	2256	18992
1217	2266	19002
1218	2274	18966
1219	2314	19010
1220	2294	19004
1221	2254	19022
1222	2248	19066
1223	2308	19078
1224	2300	19128
1225	2296	19142
1226	2304	19168
1227	2252	19180
1228	2304	19222
1229	2314	19220
1230	2328	19240
1231	2314	19262
1232	2302	19308
1233	2296	19254
1234	2306	19322
1235	2322	19314
1236	2332	19328
1237	2306	19338
1238	2326	19396
1239	2280	19338
1240	2356	19418
1241	2310	19434
1242	2336	19488
1243	2338	19518
1244	2316	19490
1245	2350	19528
1246	2346	19504
1247	2354	19498
1248	2312	19562
1249	2324	19564
1250	2340	19598
1251	2336	19614
1252	2318	19652
1253	2352	19620
1254	2358	19690
1255	2344	19728
1256	2342	19714
1257	2326	19764
1258	2318	19768
1259	2366	19762
1260	2352	19762
1261	2376	19804
1262	2344	19832
1263	2378	19822
1264	2348	19838
1265	2376	19872
1266	2350	19878
1267	2378	19872
1268	2350	19902
1269	2380	19966
1270	2392	19942
1271	2382	20002
1272	2372	20022
1273	2400	20008
1274	2362	20040
1275	2358	20084
1276	2394	20098
1277	2380	20078
1278	2374	20146
1279	2390	20114
1280	2378	20110
1281	2380	20200
1282	2406	20210
1283	2372	20234
1284	2414	20242
1285	2358	20274
1286	2390	20262
1287	2408	20334
1288	2400	20344
1289	2416	20336
1290	2436	20292
1291	2410	20336
1292	2392	20386
1293	2408	20416
1294	2452	20462
1295	2472	20490
1296	2406	20496
1297	2432	20476
1298	2432	20518
1299	2446	20512
1300	2416	20572
1301	2412	20586
1302	2468	20588
1303	2434	20594
1304	2422	20644
1305	2446	20600
1306	2444	20642
1307	2440	20654
1308	2440	20636
1309	2436	20766
1310	2464	20722
1311	2480	20796
1312	2492	20732
1313	2446	20750
1314	2464	20826
1315	2438	20802
1316	2450	20866
1317	2450	20904
1318	2470	20872
1319	2462	20886
1320	2468	20902
1321	2456	20974
1322	2454	20920
1323	2500	20982
1324	2506	20954
1325	2456	21018
1326	2454	21006
1327	2480	21054
1328	2440	21054
1329	2486	21080
1330	2476	21058
1331	2474	21130
1332	2502	21110
1333	2480	21130
1334	2472	21132
1335	2534	21228
1336	2478	21246
1337	2490	21230
1338	2542	21272
1339	2508	21260
1340	2510	21272
1341	2544	21274
1342	2498	21340
1343	2504	21348
1344	2526	21356
1345	2494	21388
1346	2504	21372
1347	2546	21428
1348	2530	21458
1349	2516	21430
1350	2546	21488
1351	2550	21486
1352	2568	21514
1353	2538	21538
1354	2508	21580
1355	2522	21546
1356	2506	21630
1357	2546	21608
1358	2536	21624
1359	2562	21596
1360	2538	21646
1361	2530	21730
1362	2548	21694
1363	2546	21738
1364	2562	21770
1365	2552	21746
1366	2528	21804
1367	2590	21814
1368	2518	21818
1369	2544	21832
1370	2576	21890
1371	2584	21912
1372	2586	21876
1373	2554	21918
1374	2544	21938
1375	2564	21960
1376	2592	21938
1377	2598	21936
1378	2570	22016
1379	2580	22020
1380	2606	22008
1381	2588	22092
1382	2588	22116
1383	2562	22104
1384	2620	22106
1385	2600	22166
1386	2572	22136
1387	2574	22148
1388	2610	22232
1389	2616	22166
1390	2602	22270
1391	2578	22280
1392	2614	22300
1393	2588	22320
1394	2578	22334
1395	2616	22346
1396	2580	22346
1397	2618	22372
1398	2562	22390
1399	2610	22390
1400	2596	22390
1401	2646	22442
1402	2620	22480
1403	2636	22522
1404	2630	22458
1405	2626	22528
1406	2624	22548
1407	2618	22582
1408	2612	22548
1409	2630	22576
1410	2622	22636
1411	2642	22666
1412	2650	22652
1413	2640	22690
1414	2640	22650
1415	2670	22718
1416	2566	22744
1417	2622	22770
1418	2654	22682
1419	2618	22806
1420	2668	22824
1421	2652	22832
1422	2646	22844
1423	2658	22896
1424	2614	22960
1425	2674	22904
1426	2676	22888
1427	2698	22970
1428	2656	22918
1429	2666	22962
1430	2648	23018
1431	2674	23022
1432	2666	23004
1433	2686	23040
1434	2640	23058
1435	2680	23140
1436	2632	23134
1437	2702	23158
1438	2692	23118
1439	2688	23160
1440	2704	23176
1441	2682	23182
1442	2708	23250
1443	2690	23270
1444	2732	23268
1445	2646	23216
1446	2728	23346
1447	2710	23328
1448	2730	23384
1449	2726	23398
1450	2690	23394
1451	2688	23432
1452	2724	23380
1453	2746	23436
1454	2762	23422
1455	2726	23468
1456	2750	23474
1457	2760	23544
1458	2732	23492
1459	2738	23532
1460	2752	23540
1461	2682	23534
1462	2766	23618
1463	2728	23596
1464	2702	23654
1465	2786	23656
1466	2734	23662
1467	2714	23704
1468	2706	23750
1469	2758	23718
1470	2756	23738
1471	2720	23808
1472	2794	23814
1473	2742	23828
1474	2774	23876
1475	2746	23774
1476	2734	23932
1477	2800	23882
1478	2776	23954
1479	2746	23916
1480	2790	23896
1481	2786	23904
1482	2768	23952
1483	2784	24020
1484	2792	24024
1485	2784	24054
1486	2766	24058
1487	2822	24086
1488	2792	24068
1489	2794	24142
1490	2792	24206
1491	2808	24098
1492	2792	24120
1493	2820	24218
1494	2806	24222
1495	2798	24216
1496	2782	24242
1497	2800	24298
1498	2772	24254
1499	2792	24292
1500	2824	24358
1501	2810	24372
1502	2816	24394
1503	2836	24370
1504	2822	24370
1505	2844	24422
1506	2798	24414
1507	2836	24460
1508	2772	24448
1509	2840	24440
1510	2844	24526
1511	2790	24514
1512	2872	24588
1513	2840	24606
1514	2846	24632
1515	2818	24652
1516	2820	24632
1517	2846	24700
1518	2820	24730
1519	2842	24696
1520	2844	24732
1521	2840	24724
1522	2868	24726
1523	2856	24780
1524	2836	24764
1525	2850	24810
1526	2826	24842
1527	2882	24828
1528	2832	24820
1529	2826	24932
1530	2858	24952
1531	2848	24942
1532	2878	24968
1533	2846	24952
1534	2838	24946
1535	2832	25008
1536	2896	24982
1537	2874	25074
1538	2858	25020
1539	2860	25062
1540	2864	25088
1541	2860	25114
1542	2910	25140
1543	2888	25152
1544	2898	25126
1545	2894	25150
1546	2884	25166
1547	2910	25210
1548	2890	25244
1549	2880	25284
1550	2920	25242
1551	2908	25338
1552	2878	25316
1553	2934	25358
1554	2918	25384
1555	2900	25416
1556	2906	25420
1557	2888	25390
1558	2940	25406
1559	2868	25464
1560	2918	25482
1561	2910	25438
1562	2914	25548
1563	2956	25488
1564	2892	25524
1565	2888	25600
1566	2958	25528
1567	2900	25642
1568	2882	25622
1569	2882	25654
1570	2942	25622
1571	2902	25700
1572	2980	25680
1573	2950	25734
1574	2942	25746
1575	2972	25750
1576	2920	25766
1577	2930	25830
1578	2946	25760
1579	2934	25816
1580	2986	25858
1581	2898	25878
1582	2940	25940
1583	3018	25840
1584	2954	25874
1585	2936	25916
1586	2982	25934
1587	2966	25984
1588	2928	26000
1589	2976	26042
1590	2990	26058
1591	2964	26046
1592	2952	26056
1593	2998	26142
1594	2996	26150
1595	2942	26168
1596	3016	26126
1597	2970	26244
1598	2972	26194
1599	2984	26240
1600	3006	26156
1601	2974	26264
1602	2996	26252
1603	3014	26336
1604	2996	26306
1605	3004	26338
1606	2992	26328
1607	3026	26382
1608	3006	26438
1609	2996	26372
1610	3010	26428
1611	3006	26468
1612	3056	26470
1613	3024	26502
1614	2980	26490
1615	3018	26528
1616	3016	26586
1617	3030	26550
1618	3018	26574
1619	3038	26648
1620	3044	26648
1621	2982	26674
1622	2974	26714
1623	3042	26700
1624	3040	26686
1625	3054	26724
1626	3074	26760
1627	3048	26798
1628	3018	26712
1629	3036	26788
1630	3026	26760
1631	3068	26832
1632	3036	26898
1633	3066	26926
1634	3052	26910
1635	3016	26928
1636	3078	26878
1637	3042	26954
1638	3096	26954
1639	3062	26976
1640	3104	26994
1641	3044	27038
1642	3056	27076
1643	3088	27062
1644	3062	27106
1645	3086	27120
1646	3130	27148
1647	3086	27092
1648	3052	27118
1649	3070	27186
1650	3104	27212
1651	3118	27248
1652	3082	27188
1653	3078	27288
1654	3068	27256
1655	3112	27268
1656	3104	27252
1657	3094	27304
1658	3082	27376
1659	3128	27378
1660	3074	27410
1661	3066	27386
1662	3134	27418
1663	3102	27426
1664	3118	27504
1665	3066	27448
1666	3126	27502
1667	3108	27494
1668	3126	27556
1669	3154	27582
1670	3136	27580
1671	3110	27562
1672	3118	27576
1673	3142	27676
1674	3100	27604
1675	3136	27674
1676	3142	27612
1677	3130	27694
1678	3106	27786
1679	3156	27780
1680	3112	27766
1681	3142	27806
1682	3136	27840
1683	3150	27778
1684	3116	27900
1685	3158	27880
1686	3132	27896
1687	3194	27948
1688	3164	27916
1689	3164	27960
1690	3150	27982
1691	3172	28016
1692	3170	27966
1693	3164	28030
1694	3162	27992
1695	3144	28122
1696	3226	28074
1697	3170	28134
1698	3194	28160
1699	3200	28170
1700	3198	28108
1701	3174	28146
1702	3170	28172
1703	3152	28238
1704	3194	28262
1705	3174	28262
1706	3172	28256
1707	3192	28302
1708	3212	28332
1709	3208	28358
1710	3212	28342
1711	3192	28342
1712	3212	28364
1713	3242	28368
1714	3228	28448
1715	3192	28432
1716	3192	28454
1717	3186	28512
1718	3212	28466
1719	3208	28594
1720	3226	28536
1721	3224	28590
1722	3234	28600
1723	3178	28644
1724	3222	28556
1725	3236	28666
1726	3264	28686
1727	3246	28674
1728	3222	28690
1729	3214	28766
1730	3254	28730
1731	3226	28836
1732	3252	28800
1733	3226	28752
1734	3236	28806
1735	3236	28910
1736	3260	28864
1737	3236	28828
1738	3252	28862
1739	3236	28918
1740	3262	28994
1741	3222	28964
1742	3250	28984
1743	3228	29002
1744	3168	29010
1745	3262	29014
1746	3282	29056
1747	3296	29040
1748	3288	29126
1749	3240	29126
1750	3272	29162
1751	3294	29190
1752	3276	29198
1753	3266	29232
1754	3322	29150
1755	3290	29250
1756	3292	29204
1757	3306	29296
1758	3308	29236
1759	3308	29316
1760	3300	29332
1761	3272	29352
1762	3332	29374
1763	3264	29390
1764	3232	29414
1765	3306	29428
1766	3296	29474
1767	3322	29500
1768	3322	29552
1769	3284	29550
1770	3370	29560
1771	3310	29514
1772	3332	29606
1773	3314	29542
1774	3344	29558
1775	3336	29636
1776	3338	29610
1777	3302	29662
1778	3334	29698
1779	3292	29710
1780	3304	29656
1781	3334	29702
1782	3344	29784
1783	3330	29830
1784	3338	29840
1785	3330	29814
1786	3366	29824
1787	3296	29834
1788	3346	29868
1789	3372	29908
1790	3314	29886
1791	3374	29910
1792	3314	29968
1793	3330	29950
1794	3366	30014
1795	3350	29944
1796	3342	30036
1797	3350	30070
1798	3312	30024
1799	3326	30068
1800	3360	30074
1801	3356	30046
1802	3380	30142
1803	3352	30196
1804	3390	30178
1805	3386	30190
1806	3414	30176
1807	3392	30236
1808	3398	30228
1809	3358	30252
1810	3354	30292
1811	3382	30358
1812	3378	30344
1813	3384	30372
1814	3358	30360
1815	3390	30382
1816	3404	30360
1817	3386	30410
1818	3444	30448
1819	3380	30450
1820	3368	30434
1821	3434	30432
1822	3404	30538
1823	3440	30504
1824	3390	30522
1825	3416	30624
1826	3446	30570
1827	3416	30632
1828	3444	30620
1829	3424	30656
1830	3420	30714
1831	3444	30734
1832	3422	30718
1833	3436	30786
1834	3454	30752
1835	3462	30762
1836	3426	30836
1837	3420	30792
1838	3440	30842
1839	3416	30882
1840	3434	30872
1841	3392	30880
1842	3434	30960
1843	3472	30884
1844	3402	30952
1845	3492	30926
1846	3464	30984
1847	3460	31094
1848	3488	31060
1849	3466	31030
1850	3472	31058
1851	3454	31046
1852	3450	31082
1853	3456	31090
1854	3470	31120
1855	3492	31150
1856	3486	31156
1857	3462	31206
1858	3476	31250
1859	3490	31216
1860	3500	31232
1861	3468	31338
1862	3506	31270
1863	3444	31260
1864	3530	31322
1865	3482	31364
1866	3512	31386
1867	3482	31428
1868	3466	31424
1869	3496	31436
1870	3468	31432
1871	3488	31488
1872	3496	31480
1873	3530	31522
1874	3512	31522
1875	3512	31536
1876	3538	31508
1877	3530	31590
1878	3522	31552
1879	3482	31610
1880	3490	31646
1881	3500	31612
1882	3522	31674
1883	3544	31804
1884	3496	31646
1885	3496	31738
1886	3490	31754
1887	3532	31798
1888	3540	31810
1889	3498	31856
1890	3556	31826
1891	3538	31874
1892	3538	31898
1893	3538	31926
1894	3594	31902
1895	3598	31946
1896	3554	31972
1897	3564	31934
1898	3558	32004
1899	3552	31964
1900	3586	32052
1901	3548	32056
1902	3554	32050
1903	3530	32082
1904	3556	32150
1905	3562	32132
1906	3564	32124
1907	3564	32170
1908	3548	32238
1909	3598	32196
1910	3604	32228
1911	3544	32284
1912	3582	32222
1913	3544	32318
1914	3604	32306
1915	3590	32336
1916	3570	32342
1917	3558	32378
1918	3588	32406
1919	3556	32448
1920	3538	32400
1921	3646	32434
1922	3556	32456
1923	3640	32444
1924	3594	32476
1925	3614	32478
1926	3630	32500
1927	3638	32568
1928	3586	32576
1929	3610	32546
1930	3618	32630
1931	3628	32598
1932	3638	32616
1933	3634	32654
1934	3604	32702
1935	3578	32670
1936	3686	32682
1937	3642	32800
1938	3622	32732
1939	3618	32790
1940	3624	32790
1941	3632	32884
1942	3666	32892
1943	3668	32922
1944	3646	32938
1945	3634	32908
1946	3616	32916
1947	3636	32946
1948	3644	32970
1949	3616	33014
1950	3686	32972
1951	3610	33004
1952	3610	33096
1953	3678	33052
1954	3676	33032
1955	3662	33128
1956	3654	33114
1957	3654	33172
1958	3610	33120
1959	3690	33224
1960	3706	33222
1961	3724	33146
1962	3690	33276
1963	3670	33226
1964	3694	33306
1965	3712	33296
1966	3694	33296
1967	3670	33378
1968	3690	33326
1969	3678	33410
1970	3654	33390
1971	3652	33440
1972	3662	33410
1973	3722	33476
1974	3632	33498
1975	3674	33454
1976	3686	33478
1977	3752	33504
1978	3698	33542
1979	3674	33578
1980	3714	33586
1981	3730	33584
1982	3686	33570
1983	3712	33644
1984	3732	33694
1985	3730	33636
1986	3670	33664
1987	3718	33740
1988	3706	33708
1989	3708	33776
1990	3668	33776
1991	3720	33822
1992	3692	33788
1993	3724	33856
1994	3694	33828
1995	3766	33902
1996	3722	33920
1997	3734	33936
1998	3746	33908
1999	3750	33920
2000	3740	33970
2001	3766	33992
2002	3740	33968
2003	3778	34010
2004	3748	34050
2005	3726	34074
2006	3788	34106
2007	3752	34110
2008	3776	34092
2009	3770	34176
2010	3780	34182
2011	3776	34156
2012	3740	34218
2013	3778	34172
2014	3788	34248
2015	3786	34300
2016	3762	34324
2017	3782	34262
2018	3794	34402
2019	3766	34300
2020	3838	34406
2021	3780	34336
2022	3794	34356
2023	3784	34432
2024	3814	34444
2025	3824	34432
2026	3792	34470
2027	3762	34532
2028	3810	34518
2029	3806	34548
2030	3800	34562
2031	3822	34598
2032	3822	34544
2033	3802	34626
2034	3826	34596
2035	3806	34684
2036	3792	34668
2037	3782	34672
2038	3814	34734
2039	3892	34686
2040	3838	34752
2041	3860	34728
2042	3834	34800
2043	3822	34828
2044	3864	34836
2045	3850	34908
2046	3848	34916
2047	3826	34888
2048	3790	34858
2049	3876	34970
2050	3860	34948
2051	3858	34986
2052	3828	35000
2053	3868	35026
2054	3836	35004
2055	3852	35114
2056	3826	35066
2057	3874	35072
2058	3860	35106
2059	3868	35086
2060	3834	35146
2061	3826	35160
2062	3878	35232
2063	3864	35262
2064	3834	35246
2065	3864	35264
2066	3878	35256
2067	3834	35286
2068	3880	35360
2069	3904	35330
2070	3830	35334
2071	3920	35356
2072	3910	35410
2073	3852	35404
2074	3826	35448
2075	3888	35434
2076	3882	35404
2077	3916	35456
2078	3922	35520
2079	3902	35514
2080	3874	35576
2081	3918	35536
2082	3918	35632
2083	3922	35638
2084	3888	35704
2085	3928	35680
2086	3920	35720
2087	3908	35730
2088	3942	35744
2089	3900	35742
2090	3940	35750
2091	3918	35802
2092	3876	35754
2093	3920	35846
2094	3940	35896
2095	3948	35864
2096	3962	35888
2097	3908	35850
2098	3900	35974
2099	3946	35916
2100	3952	35978
2101	3952	35996
2102	3946	36008
2103	3966	35974
2104	3912	36054
2105	3926	36090
2106	3982	36104
2107	3902	36134
2108	3964	36098
2109	3986	36142
2110	3908	36200
2111	3930	36188
2112	3962	36226
2113	3904	36180
2114	3996	36220
2115	3928	36256
2116	3978	36282
2117	3974	36302
2118	3994	36316
2119	3946	36384
2120	3978	36352
2121	3988	36368
2122	3936	36410
2123	3976	36460
2124	3992	36470
2125	3978	36522
2126	4028	36482
2127	3960	36478
2128	3964	36616
2129	4026	36566
2130	3998	36574
2131	3964	36562
2132	3964	36560
2133	3990	36624
2134	3978	36680
2135	4022	36634
2136	3974	36706
2137	3930	36706
2138	4012	36776
2139	4064	36758
2140	3996	36720
2141	4022	36796
2142	3982	36766
2143	4032	36820
2144	3998	36844
2145	4008	36890
2146	4028	36922
2147	4072	36930
2148	4058	36920
2149	4036	36974
2150	4010	36974
2151	4042	36998
2152	4002	37020
2153	4020	37020
2154	4066	37018
2155	4042	37114
2156	4016	37138
2157	4050	37102
2158	4024	37126
2159	4056	37200
2160	4062	37194
2161	3996	37174
2162	4024	37214
2163	4030	37214
2164	4048	37244
2165	4072	37212
2166	4036	37230
2167	4052	37260
2168	4072	37344
2169	4046	37362
2170	4098	37398
2171	4068	37422
2172	4082	37376
2173	3998	37448
2174	4100	37430
2175	4090	37494
2176	4008	37580
2177	4080	37478
2178	4006	37628
2179	4130	37592
2180	4038	37534
2181	4042	37644
2182	4078	37636
2183	4064	37648
2184	4070	37680
2185	4070	37720
2186	4156	37700
2187	4092	37736
2188	4112	37716
2189	4112	37756
2190	4054	37746
2191	4106	37824
2192	4130	37768
2193	4142	37876
2194	4104	37930
2195	4098	37870
2196	4128	37956
2197	4136	37930
2198	4072	37958
2199	4094	37996
2200	4118	37978
2201	4112	37980
2202	4126	38022
2203	4134	38080
2204	4128	38096
2205	4120	38048
2206	4096	38122
2207	4142	38126
2208	4124	38194
2209	4162	38156
2210	4172	38174
2211	4116	38180
2212	4088	38206
2213	4148	38310
2214	4174	38288
2215	4140	38264
2216	4158	38294
2217	4160	38394
2218	4168	38320
2219	4128	38392
2220	4150	38378
2221	4140	38476
2222	4176	38402
2223	4160	38436
2224	4182	38494
2225	4226	38516
2226	4178	38568
2227	4174	38536
2228	4188	38612
2229	4168	38640
2230	4168	38562
2231	4134	38544
2232	4196	38648
2233	4220	38692
2234	4192	38622
2235	4190	38712
2236	4208	38732
2237	4172	38762
2238	4226	38798
2239	4138	38776
2240	4200	38800
2241	4214	38866
2242	4208	38886
2243	4154	38868
2244	4214	38872
2245	4196	38940
2246	4192	38936
2247	4206	38920
2248	4248	39008
2249	4230	38992
2250	4242	39086
2251	4234	39018
2252	4248	39016
2253	4230	39092
2254	4206	39110
2255	4208	39144
2256	4198	39188
2257	4248	39146
2258	4222	39240
2259	4254	39182
2260	4212	39200
2261	4184	39222
2262	4220	39302
2263	4236	39286
2264	4288	39310
2265	4274	39304
2266	4280	39370
2267	4234	39356
2268	4230	39398
2269	4228	39444
2270	4262	39412
2271	4252	39442
2272	4274	39460
2273	4290	39518
2274	4264	39456
2275	4244	39524
2276	4282	39580
2277	4286	39542
2278	4270	39600
2279	4256	39502
2280	4278	39734
2281	4322	39668
2282	4240	39690
2283	4266	39694
2284	4262	39736
2285	4258	39708
2286	4272	39734
2287	4260	39774
2288	4252	39804
2289	4292	39874
2290	4276	39904
2291	4300	39902
2292	4294	39898
2293	4292	39980
2294	4360	39924
2295	4288	39930
2296	4332	39970
2297	4326	40018
2298	4312	40032
2299	4278	40054
2300	4346	40072
2301	4290	40038
2302	4290	40068
2303	4316	40094
2304	4306	40146
2305	4334	40198
2306	4356	40178
2307	4288	40166
2308	4362	40192
2309	4310	40262
2310	4348	40224
2311	4314	40270
2312	4332	40248
2313	4326	40300
2314	4320	40388
2315	4336	40316
2316	4358	40398
2317	4300	40410
2318	4354	40360
2319	4354	40474
2320	4304	40432
2321	4376	40566
2322	4348	40472
2323	4364	40570
2324	4318	40472
2325	4348	40560
2326	4316	40642
2327	4408	40596
2328	4372	40702
2329	4386	40640
2330	4366	40638
2331	4362	40654
2332	4368	40646
2333	4430	40712
2334	4322	40684
2335	4368	40782
2336	4406	40854
2337	4418	40800
2338	4328	40810
2339	4344	40848
2340	4434	40830
2341	4410	40948
2342	4412	40906
2343	4370	40912
2344	4364	40924
2345	4394	40978
2346	4408	41008
2347	4406	40988
2348	4382	41080
2349	4430	41116
2350	4390	41068
2351	4392	41090
2352	4390	41152
2353	4382	41132
2354	4360	41160
2355	4426	41140
2356	4474	41198
2357	4400	41274
2358	4454	41218
2359	4418	41260
2360	4444	41294
2361	4424	41290
2362	4384	41312
2363	4404	41342
2364	4390	41412
2365	4428	41396
2366	4422	41392
2367	4440	41506
2368	4436	41416
2369	4446	41512
2370	4428	41468
2371	4486	41502
2372	4438	41482
2373	4452	41526
2374	4422	41560
2375	4424	41586
2376	4444	41534
2377	4456	41634
2378	4432	41656
2379	4468	41660
2380	4456	41662
2381	4424	41642
2382	4472	41648
2383	4458	41802
2384	4490	41726
2385	4462	41800
2386	4514	41840
2387	4458	41818
2388	4424	41856
2389	4462	41866
2390	4518	41890
2391	4474	41908
2392	4490	41968
2393	4506	42052
2394	4466	42002
2395	4496	42024
2396	4428	42010
2397	4548	42028
2398	4500	41968
2399	4496	42064
2400	4508	42050
2401	4508	42084
2402	4512	42160
2403	4524	42170
2404	4516	42196
2405	4484	42146
2406	4494	42188
2407	4564	42292
2408	4522	42272
2409	4500	42274
2410	4488	42334
2411	4556	42330
2412	4548	42310
2413	4496	42392
2414	4494	42450
2415	4496	42408
2416	4518	42442
2417	4508	42438
2418	4540	42504
2419	4502	42488
2420	4512	42530
2421	4574	42542
2422	4524	42548
2423	4584	42628
2424	4520	42560
2425	4548	42658
2426	4554	42644
2427	4612	42654
2428	4542	42680
2429	4574	42676
2430	4602	42734
2431	4484	42810
2432	4564	42770
2433	4590	42808
2434	4586	42794
2435	4572	42794
2436	4518	42830
2437	4574	42900
2438	4550	42932
2439	4622	42882
2440	4616	42992
2441	4590	42926
2442	4608	42986
2443	4606	42984
2444	4568	42976
2445	4596	43092
2446	4584	43050
2447	4518	43094
2448	4570	43108
2449	4610	43078
2450	4614	43140
2451	4566	43194
2452	4590	43208
2453	4570	43188
2454	4662	43264
2455	4644	43246
2456	4596	43308
2457	4602	43276
2458	4636	43300
2459	4606	43284
2460	4604	43314
2461	4650	43372
2462	4588	43416
2463	4610	43434
2464	4654	43422
2465	4656	43470
2466	4604	43476
2467	4632	43492
2468	4612	43526
2469	4626	43544
2470	4644	43556
2471	4600	43542
2472	4654	43562
2473	4596	43580
2474	4620	43642
2475	4644	43640
2476	4628	43674
2477	4658	43734
2478	4628	43722
2479	4588	43776
2480	4626	43810
2481	4642	43808
2482	4648	43802
2483	4636	43820
2484	4686	43866
2485	4670	43800
2486	4580	43862
2487	4618	43874
2488	4682	43874
2489	4588	43914
2490	4710	43974
2491	4698	43926
2492	4666	43960
2493	4706	43952
2494	4656	44046
2495	4644	44096
2496	4740	44134
2497	4668	44070
2498	4656	44128
2499	4726	44206
2500	4710	44210
2501	4660	44178
2502	4714	44204
2503	4688	44160
2504	4668	44268
2505	4692	44222
2506	4646	44308
2507	4706	44346
2508	4730	44340
2509	4686	44398
2510	4702	44420
2511	4722	44476
2512	4692	44466
2513	4710	44486
2514	4702	44472
2515	4690	44500
2516	4694	44530
2517	4690	44548
2518	4722	44526
2519	4752	44516
2520	4722	44568
2521	4744	44580
2522	4734	44658
2523	4734	44672
2524	4756	44664
2525	4736	44642
2526	4714	44714
2527	4746	44706
2528	4716	44740
2529	4706	44752
2530	4758	44778
2531	4714	44778
2532	4722	44800
2533	4752	44912
2534	4748	44840
2535	4736	44902
2536	4722	44960
2537	4750	44948
2538	4804	44978
2539	4770	44942
2540	4776	45110
2541	4742	44944
2542	4790	45030
2543	4786	45068
2544	4790	45138
2545	4794	45040
2546	4788	45084
2547	4762	45206
2548	4792	45146
2549	4816	45246
2550	4808	45180
2551	4766	45252
2552	4770	45260
2553	4756	45256
2554	4788	45248
2555	4766	45326
2556	4794	45402
2557	4810	45350
2558	4782	45340
2559	4784	45366
2560	4790	45390
2561	4808	45456
2562	4804	45476
2563	4794	45502
2564	4758	45438
2565	4810	45512
2566	4760	45486
2567	4804	45562
2568	4804	45534
2569	4818	45630
2570	4820	45628
2571	4794	45686
2572	4810	45646
2573	4818	45744
2574	4848	45742
2575	4836	45664
2576	4808	45766
2577	4840	45794
2578	4850	45838
2579	4788	45824
2580	4866	45844
2581	4862	45850
2582	4826	45848
2583	4818	45976
2584	4848	45954
2585	4796	45844
2586	4866	45994
2587	4858	45984
2588	4858	46038
2589	4758	46002
2590	4860	46028
2591	4832	46056
2592	4850	45988
2593	4848	46066
2594	4872	46132
2595	4826	46086
2596	4858	46140
2597	4894	46150
2598	4820	46268
2599	4850	46186
2600	4878	46282
2601	4892	46322
2602	4888	46366
2603	4852	46302
2604	4936	46268
2605	4856	46412
2606	4892	46348
2607	4876	46378
2608	4868	46434
2609	4880	46448
2610	4892	46512
2611	4916	46426
2612	4894	46548
2613	4870	46582
2614	4866	46580
2615	4846	46606
2616	4924	46538
2617	4954	46614
2618	4934	46662
2619	4944	46630
2620	4926	46600
2621	4884	46732
2622	4884	46700
2623	4874	46756
2624	4916	46768
2625	4942	46736
2626	4928	46836
2627	4934	46870
2628	4920	46796
2629	4920	46840
2630	4938	46902
2631	4930	46900
2632	4930	46898
2633	5002	47018
2634	4912	46964
2635	4944	46990
2636	4956	46992
2637	4908	47034
2638	4942	47124
2639	4918	47074
2640	4954	47114
2641	4946	47092
2642	4906	47210
2643	4912	47114
2644	4966	47234
2645	4998	47172
2646	4990	47276
2647	4970	47232
2648	4958	47212
2649	4954	47248
2650	4924	47216
2651	4994	47326
2652	5006	47276
2653	4992	47320
2654	5024	47304
2655	4966	47376
2656	4988	47466
2657	5006	47418
2658	4986	47476
2659	4962	47468
2660	4980	47470
2661	4992	47538
2662	5004	47566
2663	4982	47568
2664	4996	47618
2665	5036	47646
2666	4994	47662
2667	4990	47620
2668	5026	47630
2669	5026	47696
2670	4998	47722
2671	5036	47754
2672	4970	47732
2673	5050	47782
2674	5000	47822
2675	4996	47850
2676	4986	47892
2677	5000	47856
2678	5030	47898
2679	5054	47892
2680	5018	47994
2681	5034	47948
2682	5042	47974
2683	5088	47874
2684	5026	48020
2685	5052	48076
2686	5022	47986
2687	4986	48044
2688	5042	48132
2689	5072	48114
2690	5058	48140
2691	5028	48102
2692	5026	48180
2693	5012	48188
2694	5032	48260
2695	5040	48212
2696	5056	48272
2697	5052	48260
2698	4994	48290
2699	5054	48244
2700	5074	48378
2701	5058	48392
2702	5052	48296
2703	5038	48426
2704	5072	48420
2705	5042	48404
2706	5064	48488
2707	5014	48482
2708	5072	48550
2709	5028	48546
2710	5090	48490
2711	5062	48560
2712	5064	48646
2713	5112	48636
2714	5062	48598
2715	5136	48576
2716	5132	48634
2717	5094	48724
2718	5134	48712
2719	5040	48690
2720	5062	48698
2721	5098	48758
2722	5080	48838
2723	5124	48812
2724	5104	48834
2725	5164	48878
2726	5114	48812
2727	5124	48904
2728	5122	48864
2729	5080	48908
2730	5154	48976
2731	5066	48962
2732	5176	48954
2733	5114	49048
2734	5158	49048
2735	5124	49014
2736	5178	49076
2737	5116	49124
2738	5142	49122
2739	5134	49072
2740	5118	49092
2741	5186	49158
2742	5108	49154
2743	5172	49264
2744	5112	49194
2745	5164	49192
2746	5152	49340
2747	5136	49280
2748	5084	49358
2749	5156	49282
2750	5116	49388
2751	5150	49400
2752	5192	49396
2753	5134	49428
2754	5172	49518
2755	5162	49456
2756	5166	49518
2757	5180	49564
2758	5186	49552
2759	5226	49576
2760	5210	49632
2761	5146	49642
2762	5180	49590
2763	5192	49666
2764	5210	49684
2765	5154	49662
2766	5180	49714
2767	5188	49770
2768	5142	49738
2769	5154	49866
2770	5186	49798
2771	5192	49814
2772	5218	49840
2773	5240	49844
2774	5228	49840
2775	5198	49928
2776	5182	49942
2777	5214	49948
2778	5262	50026
2779	5164	50004
2780	5208	50004
2781	5234	50042
2782	5234	50014
2783	5214	50094
2784	5234	49998
2785	5232	50052
2786	5214	50084
2787	5248	50130
2788	5240	50120
2789	5182	50214
2790	5224	50226
2791	5266	50258
2792	5240	50340
2793	5200	50168
2794	5254	50284
2795	5190	50320
2796	5288	50394
2797	5242	50404
2798	5250	50476
2799	5258	50404
2800	5250	50444
2801	5238	50458
2802	5246	50516
2803	5240	50544
2804	5244	50506
2805	5240	50500
2806	5324	50486
2807	5220	50486
2808	5262	50626
2809	5272	50654
2810	5258	50578
2811	5274	50562
2812	5276	50564
2813	5246	50698
2814	5260	50732
2815	5244	50790
2816	5250	50750
2817	5276	50798
2818	5270	50782
2819	5266	50774
2820	5290	50916
2821	5286	50938
2822	5244	50918
2823	5246	50898
2824	5292	50890
2825	5320	50872
2826	5294	50862
2827	5260	51010
2828	5248	51008
2829	5346	51020
2830	5284	51092
2831	5320	51104
2832	5268	51012
2833	5364	51184
2834	5330	51108
2835	5342	51194
2836	5272	51134
2837	5366	51198
2838	5382	51166
2839	5246	51260
2840	5368	51250
2841	5330	51382
2842	5314	51238
2843	5328	51316
2844	5348	51304
2845	5316	51382
2846	5376	51404
2847	5320	51380
2848	5386	51468
2849	5286	51478
2850	5346	51512
2851	5378	51526
2852	5328	51546
2853	5380	51526
2854	5352	51552
2855	5386	51646
2856	5386	51530
2857	5372	51600
2858	5356	51618
2859	5380	51692
2860	5396	51778
2861	5336	51742
2862	5372	51676
2863	5330	51756
2864	5308	51686
2865	5348	51796
2866	5370	51794
2867	5332	51820
2868	5364	51842
2869	5398	51890
2870	5364	51850
2871	5382	51910
2872	5454	51978
2873	5354	51920
2874	5404	51994
2875	5394	52052
2876	5412	52080
2877	5384	52038
2878	5398	52062
2879	5372	52034
2880	5384	52098
2881	5416	52162
2882	5398	52164
2883	5460	52156
2884	5366	52216
2885	5440	52256
2886	5410	52236
2887	5394	52256
2888	5428	52270
2889	5432	52252
2890	5400	52304
2891	5398	52336
2892	5456	52308
2893	5450	52362
2894	5486	52430
2895	5434	52380
2896	5436	52430
2897	5462	52488
2898	5446	52482
2899	5404	52442
2900	5436	52564
2901	5442	52560
2902	5418	52612
2903	5478	52644
2904	5456	52610
2905	5384	52624
2906	5484	52616
2907	5498	52614
2908	5536	52636
2909	5486	52700
2910	5490	52694
2911	5474	52686
2912	5460	52774
2913	5444	52862
2914	5518	52824
2915	5518	52820
2916	5448	52848
2917	5450	52924
2918	5488	52954
2919	5482	52952
2920	5460	52902
2921	5472	52968
2922	5494	52992
2923	5518	53020
2924	5496	53010
2925	5450	52950
2926	5478	53102
2927	5522	53034
2928	5550	53106
2929	5526	53092
2930	5506	53128
2931	5454	53194
2932	5466	53252
2933	5564	53214
2934	5586	53270
2935	5484	53272
2936	5532	53274
2937	5516	53296
2938	5558	53386
2939	5490	53418
2940	5522	53342
2941	5534	53464
2942	5512	53392
2943	5484	53424
2944	5514	53490
2945	5538	53464
2946	5554	53534
2947	5464	53566
2948	5520	53548
2949	5486	53546
2950	5530	53516
2951	5520	53556
2952	5526	53662
2953	5552	53638
2954	5518	53708
2955	5562	53778
2956	5532	53672
2957	5558	53760
2958	5570	53804
2959	5552	53786
2960	5450	53780
2961	5586	53764
2962	5544	53754
2963	5548	53810
2964	5546	53884
2965	5568	53928
2966	5546	53944
2967	5564	53970
2968	5544	54016
2969	5546	54060
2970	5630	53954
2971	5558	54060
2972	5592	54084
2973	5576	54036
2974	5538	54062
2975	5586	53994
2976	5524	54096
2977	5516	54172
2978	5598	54132
2979	5542	54130
2980	5624	54208
2981	5596	54240
2982	5562	54308
2983	5600	54178
2984	5540	54308
2985	5610	54276
2986	5570	54390
2987	5650	54346
2988	5590	54410
2989	5594	54380
2990	5590	54408
2991	5614	54418
2992	5670	54460
2993	5548	54470
2994	5602	54558
2995	5658	54512
2996	5664	54518
2997	5630	54622
2998	5616	54630
2999	5594	54700
3000	5586	54542
3001	5592	54636
3002	5640	54710
3003	5640	54626
3004	5646	54726
3005	5624	54738
3006	5658	54766
3007	5648	54792
3008	5582	54814
3009	5666	54796
3010	5708	54852
3011	5670	54808
3012	5598	54872
3013	5658	54900
3014	5646	54932
3015	5670	54992
3016	5676	54950
3017	5680	54938
3018	5694	55030
3019	5676	55072
3020	5706	55106
3021	5666	55062
3022	5684	55114
3023	5654	55176
3024	5656	55214
3025	5632	55044
3026	5708	55156
3027	5734	55124
3028	5710	55224
3029	5716	55254
3030	5638	55232
3031	5720	55310
3032	5678	55296
3033	5704	55304
3034	5694	55362
3035	5700	55386
3036	5710	55374
3037	5704	55370
3038	5662	55414
3039	5762	55480
3040	5702	55474
3041	5732	55534
3042	5664	55490
3043	5698	55582
3044	5686	55586
3045	5654	55514
3046	5720	55608
3047	5684	55704
3048	5682	55600
3049	5718	55662
3050	5766	55666
3051	5726	55794
3052	5714	55660
3053	5658	55820
3054	5768	55696
3055	5712	55818
3056	5712	55784
3057	5710	55772
3058	5738	55900
3059	5802	55894
3060	5708	55936
3061	5720	55914
3062	5734	55968
3063	5748	56016
3064	5790	55976
3065	5744	55932
3066	5762	56072
3067	5720	56072
3068	5736	56048
3069	5792	56148
3070	5704	56118
3071	5706	55994
3072	5742	56140
3073	5788	56176
3074	5784	56192
3075	5760	56182
3076	5774	56254
3077	5704	56248
3078	5800	56272
3079	5742	56222
3080	5816	56332
3081	5754	56358
3082	5728	56416
3083	5728	56406
3084	5764	56366
3085	5790	56434
3086	5760	56446
3087	5802	56500
3088	5812	56474
3089	5784	56612
3090	5870	56538
3091	5804	56584
3092	5818	56490
3093	5810	56556
3094	5806	56596
3095	5834	56566
3096	5782	56668
3097	5804	56622
3098	5722	56706
3099	5754	56670
3100	5818	56766
3101	5772	56808
3102	5814	56670
3103	5794	56876
3104	5780	56842
3105	5808	56842
3106	5802	56872
3107	5890	56962
3108	5796	56872
3109	5826	56898
3110	5840	56984
3111	5886	56976
3112	5870	57032
3113	5878	57012
3114	5836	57024
3115	5924	57084
3116	5840	57000
3117	5826	57040
3118	5884	57112
3119	5892	57112
3120	5840	57202
3121	5886	57288
3122	5770	57190
3123	5870	57252
3124	5814	57306
3125	5924	57356
3126	5880	57314
3127	5858	57268
3128	5862	57376
3129	5860	57388
3130	5866	57378
3131	5858	57362
3132	5924	57414
3133	5936	57492
3134	5890	57444
3135	5876	57460
3136	5894	57524
3137	5864	57490
3138	5858	57538
3139	5860	57586
3140	5868	57600
3141	5882	57624
3142	5896	57582
3143	5908	57550
3144	5882	57662
3145	5870	57706
3146	5908	57746
3147	5882	57736
3148	5910	57772
3149	5892	57830
3150	5926	57776
3151	5916	57796
3152	5930	57762
3153	5904	57850
3154	5870	57986
3155	5910	57810
3156	5892	57932
3157	5928	57970
3158	5970	57916
3159	5916	57944
3160	5878	58002
3161	5934	58080
3162	5890	58028
3163	5896	58026
3164	6006	58086
3165	5944	58072
3166	5970	58200
3167	5958	58168
3168	5866	58186
3169	5978	58228
3170	5920	58208
3171	5948	58302
3172	5972	58284
3173	5946	58318
3174	5912	58320
3175	5932	58380
3176	5900	58338
3177	5926	58402
3178	5954	58388
3179	5982	58412
3180	5954	58498
3181	5922	58462
3182	5974	58488
3183	6002	58570
3184	5974	58530
3185	5914	58496
3186	6006	58588
3187	6020	58566
3188	5990	58582
3189	5982	58604
3190	5944	58624
3191	6044	58586
3192	5934	58692
3193	5966	58674
3194	5984	58738
3195	5970	58736
3196	5988	58768
3197	5958	58742
3198	5988	58758
3199	5970	58824
3200	6026	58806
3201	5982	58800
3202	6026	58898
3203	6062	58914
3204	6046	58966
3205	6012	58962
3206	6008	58898
3207	6018	58982
3208	6034	59048
3209	6024	58994
3210	6080	59106
3211	6040	59106
3212	5984	59136
3213	6010	59152
3214	6000	59170
3215	6042	59234
3216	6012	59218
3217	6080	59176
3218	6076	59264
3219	6032	59278
3220	6024	59368
3221	6074	59292
3222	5982	59286
3223	5988	59384
3224	6056	59282
3225	6060	59334
3226	6070	59474
3227	6024	59406
3228	6058	59446
3229	6030	59442
3230	6006	59566
3231	6062	59502
3232	6052	59518
3233	6086	59602
3234	6066	59506
3235	6078	59576
3236	6066	59608
3237	6102	59680
3238	6070	59654
3239	6064	59670
3240	6022	59618
3241	6068	59788
3242	6088	59712
3243	6122	59802
3244	6056	59796
3245	6042	59782
3246	6120	59874
3247	6024	59798
3248	6148	59934
3249	6124	59872
3250	6062	59954
3251	6070	59922
3252	6102	60008
3253	6114	59954
3254	6126	60016
3255	6144	59980
3256	6110	59996
3257	6164	60058
3258	6080	60008
3259	6104	60084
3260	6128	60210
3261	6106	60150
3262	6172	60214
3263	6172	60090
3264	6158	60264
3265	6118	60222
3266	6146	60308
3267	6130	60204
3268	6100	60342
3269	6138	60360
3270	6188	60282
3271	6102	60410
3272	6132	60326
3273	6092	60430
3274	6156	60398
3275	6124	60370
3276	6148	60404
3277	6154	60468
3278	6144	60584
3279	6146	60512
3280	6166	60582
3281	6094	60622
3282	6134	60568
3283	6178	60600
3284	6144	60638
3285	6148	60696
3286	6176	60598
3287	6172	60744
3288	6176	60680
3289	6136	60742
3290	6184	60884
3291	6122	60852
3292	6182	60796
3293	6190	60844
3294	6190	60864
3295	6246	60932
3296	6170	60912
3297	6220	60882
3298	6210	60912
3299	6196	61072
3300	6176	60978
3301	6212	61034
3302	6210	60996
3303	6180	61056
3304	6158	61094
3305	6178	61068
3306	6222	61034
3307	6270	61204
3308	6162	61156
3309	6178	61116
3310	6228	61172
3311	6198	61144
3312	6176	61268
3313	6190	61216
3314	6214	61258
3315	6188	61276
3316	6246	61256
3317	6202	61362
3318	6176	61300
3319	6196	61398
3320	6216	61454
3321	6182	61362
3322	6216	61444
3323	6172	61492
3324	6264	61424
3325	6266	61532
3326	6202	61522
3327	6280	61522
3328	6266	61674
3329	6224	61616
3330	6162	61638
3331	6260	61624
3332	6290	61698
3333	6284	61634
3334	6218	61624
3335	6246	61720
3336	6262	61772
3337	6230	61698
3338	6266	61778
3339	6294	61698
3340	6212	61804
3341	6266	61836
3342	6276	61842
3343	6232	61844
3344	6264	61860
3345	6294	61874
3346	6318	61912
3347	6322	61984
3348	6312	62072
3349	6272	61938
3350	6346	61946
3351	6264	62064
3352	6256	62010
3353	6360	62158
3354	6278	62002
3355	6304	62110
3356	6290	62160
3357	6266	62160
3358	6358	62202
3359	6276	62218
3360	6396	62270
3361	6308	62378
3362	6306	62214
3363	6264	62330
3364	6350	62362
3365	6342	62350
3366	6304	62332
3367	6316	62344
3368	6360	62456
3369	6336	62462
3370	6334	62472
3371	6320	62478
3372	6334	62484
3373	6292	62480
3374	6294	62550
3375	6322	62604
3376	6364	62556
3377	6314	62580
3378	6260	62636
3379	6266	62654
3380	6366	62682
3381	6412	62770
3382	6298	62674
3383	6316	62838
3384	6356	62758
3385	6346	62782
3386	6380	62784
3387	6352	62786
3388	6316	62936
3389	6386	62870
3390	6350	62880
3391	6350	62910
3392	6318	62940
3393	6366	62986
3394	6360	62986
3395	6302	62980
3396	6348	62968
3397	6360	63018
3398	6432	63072
3399	6384	63040
3400	6454	63126
3401	6348	63114
3402	6352	63158
3403	6394	63196
3404	6374	63270
3405	6374	63152
3406	6380	63242
3407	6402	63310
3408	6414	63288
3409	6404	63290
3410	6440	63410
3411	6434	63298
3412	6406	63274
3413	6404	63338
3414	6374	63454
3415	6396	63364
3416	6390	63498
3417	6368	63398
3418	6346	63556
3419	6398	63510
3420	6392	63538
3421	6412	63584
3422	6426	63550
3423	6366	63626
3424	6356	63578
3425	6444	63610
3426	6468	63532
3427	6460	63636
3428	6420	63770
3429	6446	63714
3430	6442	63756
3431	6434	63814
3432	6510	63788
3433	6446	63798
3434	6500	63728
3435	6426	63836
3436	6384	63902
3437	6406	63832
3438	6458	63862
3439	6444	63870
3440	6370	63970
3441	6418	63972
3442	6492	64066
3443	6462	64032
3444	6486	64020
3445	6416	64048
3446	6490	64060
3447	6416	64116
3448	6502	64114
3449	6476	64118
3450	6514	64140
3451	6470	64242
3452	6490	64214
3453	6408	64212
3454	6460	64262
3455	6508	64248
3456	6462	64298
3457	6492	64294
3458	6508	64310
3459	6438	64334
3460	6496	64356
3461	6522	64336
3462	6550	64444
3463	6508	64364
3464	6496	64472
3465	6440	64534
3466	6560	64468
3467	6490	64570
3468	6538	64508
3469	6514	64550
3470	6542	64522
3471	6454	64602
3472	6540	64656
3473	6506	64632
3474	6454	64676
3475	6532	64586
3476	6604	64718
3477	6526	64766
3478	6560	64830
3479	6544	64754
3480	6514	64746
3481	6512	64890
3482	6542	64836
3483	6536	64912
3484	6478	64878
3485	6572	64940
3486	6534	64904
3487	6510	64972
3488	6568	65020
3489	6518	64898
3490	6556	64972
3491	6520	65040
3492	6544	65068
3493	6600	65062
3494	6540	65024
3495	6528	65146
3496	6572	65204
3497	6606	65160
3498	6546	65230
3499	6570	65214
3500	6574	65180
3501	6574	65238
3502	6566	65286
3503	6616	65324
3504	6632	65370
3505	6608	65356
3506	6616	65320
3507	6590	65404
3508	6528	65414
3509	6568	65392
3510	6606	65526
3511	6610	65436
3512	6590	65474
3513	6620	65536
3514	6580	65542
3515	6576	65580
3516	6600	65602
3517	6610	65578
3518	6588	65548
3519	6616	65616
3520	6626	65758
3521	6614	65734
3522	6614	65702
3523	6626	65722
3524	6610	65728
3525	6554	65816
3526	6636	65810
3527	6600	65788
3528	6600	65834
3529	6652	65826
3530	6622	65810
3531	6638	65886
3532	6632	66004
3533	6632	65944
3534	6618	65840
3535	6674	65962
3536	6642	66070
3537	6620	66002
3538	6650	66034
3539	6628	66124
3540	6632	66040
3541	6606	66050
3542	6582	66128
3543	6600	66206
3544	6666	66122
3545	6620	66190
3546	6640	66212
3547	6622	66214
3548	6704	66214
3549	6670	66364
3550	6666	66318
3551	6696	66316
3552	6598	66334
3553	6690	66376
3554	6652	66398
3555	6680	66468
3556	6614	66482
3557	6660	66414
3558	6656	66476
3559	6692	66502
3560	6744	66396
3561	6680	66544
3562	6606	66538
3563	6702	66556
3564	6684	66602
3565	6616	66634
3566	6698	66618
3567	6720	66626
3568	6676	66678
3569	6720	66672
3570	6660	66740
3571	6704	66810
3572	6716	66760
3573	6754	66700
3574	6712	66834
3575	6716	66738
3576	6706	66820
3577	6754	66942
3578	6710	66850
3579	6704	66932
3580	6700	66990
3581	6716	66898
3582	6770	66950
3583	6720	66980
3584	6732	66984
3585	6774	67086
3586	6722	67048
3587	6674	67024
3588	6722	67064
3589	6782	67090
3590	6680	67162
3591	6728	67216
3592	6726	67186
3593	6742	67168
3594	6756	67240
3595	6758	67304
3596	6702	67270
3597	6712	67298
3598	6810	67288
3599	6714	67346
3600	6786	67366
3601	6740	67364
3602	6734	67476
3603	6738	67372
3604	6752	67368
3605	6742	67444
3606	6794	67580
3607	6706	67460
3608	6766	67438
3609	6762	67598
3610	6790	67654
3611	6726	67578
3612	6742	67642
3613	6780	67616
3614	6806	67694
3615	6818	67694
3616	6750	67684
3617	6756	67610
3618	6790	67692
3619	6772	67746
3620	6812	67818
3621	6848	67836
3622	6778	67844
3623	6802	67850
3624	6824	67830
3625	6774	68022
3626	6874	67954
3627	6746	67914
3628	6806	68010
3629	6776	67968
3630	6856	67980
3631	6816	67996
3632	6864	68076
3633	6808	68122
3634	6888	68080
3635	6830	68112
3636	6862	68164
3637	6828	68156
3638	6824	68178
3639	6770	68242
3640	6826	68204
3641	6796	68300
3642	6846	68312
3643	6792	68186
3644	6854	68294
3645	6796	68390
3646	6838	68306
3647	6768	68464
3648	6794	68352
3649	6828	68402
3650	6842	68368
3651	6814	68440
3652	6816	68450
3653	6882	68372
3654	6808	68432
3655	6936	68520
3656	6918	68528
3657	6852	68556
3658	6846	68718
3659	6892	68564
3660	6890	68712
3661	6874	68632
3662	6862	68686
3663	6906	68642
3664	6828	68776
3665	6910	68692
3666	6854	68696
3667	6904	68776
3668	6904	68778
3669	6934	68712
3670	6806	68870
3671	6938	68876
3672	6878	68950
3673	6826	68970
3674	6910	68964
3675	6876	68968
3676	6948	68968
3677	6892	68978
3678	6886	68958
3679	6884	69088
3680	6910	69032
3681	6904	69090
3682	6912	69086
3683	6892	69142
3684	6940	69202
3685	6854	69210
3686	6952	69218
3687	6940	69266
3688	6894	69222
3689	6936	69260
3690	6926	69284
3691	6962	69398
3692	6858	69348
3693	6846	69316
3694	6992	69426
3695	6956	69410
3696	6960	69390
3697	6928	69442
3698	6868	69358
3699	6968	69468
3700	6970	69502
3701	6952	69536
3702	6942	69600
3703	6928	69488
3704	6918	69594
3705	6940	69574
3706	6926	69602
3707	7020	69638
3708	6960	69686
3709	6980	69644
3710	7040	69674
3711	6928	69732
3712	7030	69764
3713	6966	69790
3714	6978	69764
3715	7060	69836
3716	6966	69790
3717	6984	69836
3718	6992	69932
3719	7008	70002
3720	7008	69988
3721	6940	69958
3722	6978	69888
3723	6966	69984
3724	7026	69996
3725	6986	70078
3726	7008	70002
3727	7056	70000
3728	6980	70142
3729	6944	70124
3730	7026	70092
3731	6974	70140
3732	7092	70092
3733	6986	70126
3734	6998	70206
3735	7012	70242
3736	6984	70242
3737	7042	70262
3738	7102	70296
3739	6918	70312
3740	7050	70282
3741	7048	70320
3742	7088	70406
3743	7032	70376
3744	7032	70514
3745	7006	70432
3746	7040	70470
3747	7022	70444
3748	7050	70508
3749	7002	70534
3750	6988	70588
3751	7020	70620
3752	7044	70604
3753	7066	70608
3754	6978	70752
3755	7036	70756
3756	7082	70716
3757	7080	70750
3758	7082	70734
3759	7038	70722
3760	7040	70762
3761	7066	70866
3762	7104	70842
3763	7122	70854
3764	7030	70848
3765	6978	70872
3766	7116	70908
3767	7054	70998
3768	7056	70926
3769	7106	70860
3770	7048	70948
3771	7026	71044
3772	7098	71026
3773	7096	71132
3774	6974	71004
3775	7072	71088
3776	7128	71054
3777	7106	71070
3778	7010	71150
3779	7092	71256
3780	7122	71208
3781	7070	71252
3782	7090	71232
3783	7098	71266
3784	7086	71246
3785	7122	71282
3786	7072	71394
3787	7166	71324
3788	7098	71434
3789	7092	71302
3790	7112	71472
3791	7102	71348
3792	7074	71490
3793	7112	71476
3794	7134	71478
3795	7072	71534
3796	7102	71550
3797	7092	71480
3798	7116	71534
3799	7042	71672
3800	7168	71654
3801	7132	71702
3802	7088	71642
3803	7080	71674
3804	7118	71684
3805	7242	71782
3806	7110	71832
3807	7194	71852
3808	7140	71836
3809	7140	71786
3810	7202	71752
3811	7156	71880
3812	7184	71942
3813	7114	71898
3814	7142	71876
3815	7156	71920
3816	7118	72040
3817	7168	71988
3818	7188	72094
3819	7140	72066
3820	7200	72034
3821	7108	72070
3822	7096	72152
3823	7206	72156
3824	7162	72102
3825	7170	72178
3826	7128	72162
3827	7184	72228
3828	7184	72216
3829	7212	72202
3830	7182	72248
3831	7206	72322
3832	7166	72320
3833	7202	72360
3834	7158	72500
3835	7180	72402
3836	7256	72432
3837	7212	72378
3838	7158	72414
3839	7238	72484
3840	7214	72506
3841	7230	72408
3842	7188	72546
3843	7192	72572
3844	7240	72612
3845	7160	72628
3846	7156	72682
3847	7182	72574
3848	7226	72720
3849	7180	72656
3850	7248	72694
3851	7200	72768
3852	7262	72698
3853	7200	72790
3854	7260	72806
3855	7218	72816
3856	7232	72824
3857	7230	72852
3858	7300	72970
3859	7196	72890
3860	7228	72884
3861	7224	72908
3862	7244	72982
3863	7246	72980
3864	7310	73032
3865	7242	72954
3866	7292	73048
3867	7258	73076
3868	7312	73104
3869	7228	73060
3870	7250	73066
3871	7300	73134
3872	7244	73220
3873	7238	73280
3874	7266	73160
3875	7226	73212
3876	7264	73232
3877	7348	73246
3878	7274	73280
3879	7276	73316
3880	7266	73388
3881	7286	73364
3882	7226	73428
3883	7302	73384
3884	7286	73402
3885	7298	73396
3886	7302	73428
3887	7286	73626
3888	7334	73488
3889	7278	73528
3890	7328	73586
3891	7276	73634
3892	7282	73638
3893	7294	73660
3894	7270	73634
3895	7278	73634
3896	7330	73692
3897	7288	73678
3898	7272	73766
3899	7278	73732
3900	7318	73836
3901	7350	73826
3902	7288	73818
3903	7338	73900
3904	7278	73840
3905	7334	73914
3906	7324	73974
3907	7350	74052
3908	7306	73950
3909	7338	74000
3910	7334	73902
3911	7322	73934
3912	7360	74060
3913	7328	73930
3914	7334	74122
3915	7336	74092
3916	7362	74088
3917	7316	74150
3918	7382	74274
3919	7398	74242
3920	7370	74134
3921	7408	74280
3922	7396	74332
3923	7342	74302
3924	7360	74320
3925	7352	74212
3926	7372	74352
3927	7408	74356
3928	7312	74362
3929	7352	74438
3930	7412	74420
3931	7348	74454
3932	7390	74452
3933	7404	74506
3934	7354	74430
3935	7336	74552
3936	7392	74552
3937	7328	74610
3938	7334	74544
3939	7344	74582
3940	7414	74684
3941	7366	74576
3942	7414	74708
3943	7470	74704
3944	7394	74730
3945	7404	74778
3946	7362	74722
3947	7410	74760
3948	7414	74752
3949	7414	74846
3950	7374	74868
3951	7420	74882
3952	7398	74916
3953	7412	74946
3954	7440	74880
3955	7498	75006
3956	7394	74994
3957	7374	75012
3958	7422	74832
3959	7454	74998
3960	7432	74996
3961	7398	75108
3962	7426	75064
3963	7432	75066
3964	7418	75140
3965	7438	75216
3966	7460	75208
3967	7506	75244
3968	7470	75284
3969	7410	75262
3970	7484	75282
3971	7440	75318
3972	7482	75270
3973	7522	75326
3974	7434	75320
3975	7474	75334
3976	7466	75446
3977	7408	75368
3978	7420	75528
3979	7544	75464
3980	7448	75558
3981	7424	75500
3982	7448	75544
3983	7502	75536
3984	7512	75612
3985	7458	75550
3986	7478	75682
3987	7474	75590
3988	7460	75678
3989	7430	75668
3990	7494	75698
3991	7488	75770
3992	7470	75806
3993	7468	75706
3994	7524	75834
3995	7406	75814
3996	7468	75874
3997	7482	75910
3998	7518	75862
3999	7506	75880
4000	7490	75880
4001	7470	75966
4002	7480	75966
4003	7514	75900
4004	7502	76042
4005	7484	76054
4006	7574	75990
4007	7542	76136
4008	7522	76088
4009	7528	76160
4010	7414	76124
4011	7542	76210
4012	7554	76226
4013	7524	76234
4014	7548	76164
4015	7582	76224
4016	7572	76286
4017	7500	76296
4018	7564	76298
4019	7540	76300
4020	7546	76344
4021	7578	76402
4022	7556	76354
4023	7590	76530
4024	7542	76526
4025	7532	76424
4026	7572	76588
4027	7598	76510
4028	7588	76496
4029	7562	76554
4030	7496	76542
4031	7574	76544
4032	7628	76626
4033	7562	76694
4034	7624	76656
4035	7624	76670
4036	7558	76654
4037	7558	76734
4038	7660	76722
4039	7552	76740
4040	7536	76736
4041	7548	76818
4042	7582	76842
4043	7516	76806
4044	7502	76864
4045	7558	76912
4046	7566	76898
4047	7606	76962
4048	7582	76928
4049	7564	76964
4050	7622	77046
4051	7566	76988
4052	7542	77012
4053	7576	77040
4054	7610	77094
4055	7666	77060
4056	7646	77116
4057	7590	77160
4058	7560	77268
4059	7652	77192
4060	7566	77242
4061	7570	77248
4062	7642	77230
4063	7630	77334
4064	7696	77284
4065	7598	77324
4066	7598	77360
4067	7618	77390
4068	7628	77448
4069	7606	77324
4070	7582	77324
4071	7650	77464
4072	7592	77544
4073	7560	77500
4074	7662	77534
4075	7648	77554
4076	7640	77570
4077	7596	77538
4078	7624	77614
4079	7688	77636
4080	7642	77646
4081	7680	77626
4082	7672	77702
4083	7718	77660
4084	7600	77812
4085	7662	77738
4086	7668	77812
4087	7696	77728
4088	7644	77888
4089	7640	77920
4090	7734	77906
4091	7698	77894
4092	7726	77846
4093	7628	77894
4094	7708	77896
4095	7676	77996
4096	7716	77988
4097	7718	77948
4098	7708	78022
4099	7714	78066
4100	7728	78054
4101	7664	78044
4102	7726	78228
4103	7732	78092
4104	7714	78238
4105	7640	78112
4106	7770	78254
4107	7704	78252
4108	7692	78218
4109	7738	78308
4110	7702	78234
4111	7672	78326
4112	7632	78366
4113	7748	78376
4114	7716	78342
4115	7716	78364
4116	7674	78430
4117	7736	78428
4118	7658	78468
4119	7768	78492
4120	7742	78518
4121	7706	78578
4122	7620	78586
4123	7734	78518
4124	7696	78588
4125	7742	78626
4126	7786	78668
4127	7740	78678
4128	7728	78720
4129	7808	78686
4130	7722	78602
4131	7750	78714
4132	7762	78850
4133	7796	78808
4134	7782	78954
4135	7778	78830
4136	7758	78896
4137	7724	78918
4138	7802	78902
4139	7754	78904
4140	7732	78940
4141	7796	78952
4142	7800	78992
4143	7734	79042
4144	7828	79000
4145	7764	79114
4146	7746	79060
4147	7816	79106
4148	7844	79104
4149	7802	79192
4150	7782	79254
4151	7802	79202
4152	7770	79128
4153	7772	79212
4154	7790	79310
4155	7828	79322
4156	7830	79274
4157	7840	79326
4158	7834	79376
4159	7810	79320
4160	7826	79384
4161	7816	79412
4162	7806	79520
4163	7848	79502
4164	7806	79506
4165	7706	79482
4166	7840	79586
4167	7810	79562
4168	7796	79602
4169	7784	79628
4170	7854	79612
4171	7838	79668
4172	7834	79638
4173	7866	79640
4174	7904	79710
4175	7766	79728
4176	7814	79848
4177	7832	79752
4178	7848	79850
4179	7832	79832
4180	7874	79822
4181	7826	79876
4182	7750	79958
4183	7816	79958
4184	7834	79944
4185	7864	79946
4186	7864	80002
4187	7840	80030
4188	7896	80008
4189	7894	80058
4190	7916	80094
4191	7876	80132
4192	7854	80064
4193	7802	80130
4194	7840	80148
4195	7868	80188
4196	7926	80222
4197	7854	80234
4198	7812	80262
4199	7846	80252
4200	7902	80282
4201	7846	80338
4202	7840	80356
4203	7862	80360
4204	7876	80422
4205	7888	80444
4206	7904	80510
4207	7936	80484
4208	7920	80502
4209	7928	80424
4210	7858	80518
4211	7888	80484
4212	7970	80562
4213	7902	80498
4214	7906	80610
4215	7884	80616
4216	7962	80650
4217	7914	80630
4218	7940	80662
4219	7920	80662
4220	7858	80680
4221	7956	80832
4222	7884	80764
4223	7908	80778
4224	7928	80878
4225	7950	80820
4226	7904	80808
4227	7888	81028
4228	8008	80894
4229	7942	80944
4230	7966	80962
4231	7882	81070
4232	7948	81034
4233	7988	81088
4234	8002	81080
4235	7918	81030
4236	7918	81072
4237	7954	81088
4238	7848	81206
4239	7942	81198
4240	7966	81200
4241	7938	81206
4242	7936	81130
4243	8070	81224
4244	7990	81318
4245	8000	81378
4246	8018	81404
4247	7942	81360
4248	7940	81398
4249	7962	81408
4250	7908	81408
4251	7988	81368
4252	7922	81426
4253	7980	81472
4254	7998	81548
4255	7964	81548
4256	7970	81556
4257	8026	81564
4258	7954	81614
4259	7964	81574
4260	8036	81670
4261	7980	81620
4262	7946	81742
4263	8052	81774
4264	8004	81782
4265	8056	81736
4266	7974	81832
4267	7988	81780
4268	8038	81810
4269	8024	81878
4270	8014	81864
4271	8054	81830
4272	7974	81950
4273	8010	81862
4274	7992	81962
4275	8034	81938
4276	7958	81946
4277	8006	82056
4278	8058	81966
4279	8072	82056
4280	8054	82070
4281	8008	82070
4282	8052	82088
4283	8080	82142
4284	8022	82210
4285	8072	82302
4286	8012	82182
4287	8022	82228
4288	8074	82246
4289	8104	82200
4290	8110	82278
4291	8080	82338
4292	8050	82318
4293	8106	82306
4294	8052	82356
4295	8066	82402
4296	8096	82418
4297	8034	82460
4298	8122	82456
4299	8084	82576
4300	8068	82610
4301	8110	82490
4302	8052	82652
4303	8072	82638
4304	8114	82606
4305	8030	82778
4306	8160	82674
4307	8104	82636
4308	8078	82780
4309	8084	82808
4310	8058	82684
4311	8070	82762
4312	8140	82746
4313	8048	82912
4314	8064	82800
4315	8102	82860
4316	8088	82906
4317	8022	82830
4318	8066	83058
4319	8106	82952
4320	8122	82988
4321	8138	83034
4322	8086	83062
4323	8130	83050
4324	8082	83100
4325	8154	83124
4326	8074	83098
4327	8138	83112
4328	8168	83124
4329	8150	83178
4330	8052	83300
4331	8180	83160
4332	8112	83248
4333	8140	83252
4334	8156	83324
4335	8164	83348
4336	8176	83358
4337	8182	83412
4338	8176	83380
4339	8122	83406
4340	8136	83468
4341	8130	83470
4342	8174	83506
4343	8162	83518
4344	8178	83574
4345	8178	83510
4346	8082	83606
4347	8134	83474
4348	8150	83578
4349	8144	83506
4350	8178	83638
4351	8142	83566
4352	8170	83628
4353	8150	83742
4354	8216	83708
4355	8182	83758
4356	8186	83734
4357	8198	83754
4358	8188	83850
4359	8160	83896
4360	8058	83856
4361	8220	83822
4362	8144	83930
4363	8170	83856
4364	8130	83884
4365	8240	83942
4366	8190	83984
4367	8214	84054
4368	8186	84066
4369	8144	84036
4370	8236	84162
4371	8186	84122
4372	8210	84188
4373	8196	84140
4374	8234	84134
4375	8180	84176
4376	8246	84248
4377	8206	84230
4378	8194	84240
4379	8216	84360
4380	8236	84324
4381	8270	84376
4382	8244	84258
4383	8268	84374
4384	8230	84430
4385	8164	84482
4386	8294	84504
4387	8214	84500
4388	8268	84482
4389	8248	84518
4390	8262	84566
4391	8218	84606
4392	8270	84656
4393	8216	84726
4394	8232	84588
4395	8268	84666
4396	8212	84604
4397	8192	84680
4398	8274	84682
4399	8214	84758
4400	8292	84768
4401	8204	84728
4402	8302	84752
4403	8276	84808
4404	8214	84864
4405	8232	84822
4406	8244	84908
4407	8312	84930
4408	8310	85022
4409	8344	85014
4410	8218	85000
4411	8272	84994
4412	8198	85012
4413	8324	84942
4414	8296	85038
4415	8284	85138
4416	8258	85122
4417	8282	85208
4418	8282	85160
4419	8276	85140
4420	8280	85214
4421	8208	85250
4422	8376	85312
4423	8276	85398
4424	8286	85372
4425	8300	85376
4426	8326	85388
4427	8270	85304
4428	8388	85306
4429	8330	85442
4430	8276	85474
4431	8366	85474
4432	8332	85468
4433	8342	85516
4434	8346	85506
4435	8390	85564
4436	8240	85560
4437	8292	85618
4438	8336	85656
4439	8334	85766
4440	8328	85650
4441	8340	85622
4442	8376	85694
4443	8378	85752
4444	8324	85762
4445	8336	85844
4446	8304	85718
4447	8452	85774
4448	8360	85784
4449	8348	85922
4450	8382	85854
4451	8344	85880
4452	8374	85944
4453	8314	85882
4454	8368	86028
4455	8314	85912
4456	8326	86016
4457	8292	86002
4458	8358	86104
4459	8348	86040
4460	8450	86094
4461	8336	86168
4462	8398	86224
4463	8322	86222
4464	8366	86282
4465	8352	86158
4466	8444	86274
4467	8376	86226
4468	8368	86338
4469	8382	86312
4470	8376	86344
4471	8376	86354
4472	8382	86318
4473	8394	86422
4474	8364	86406
4475	8378	86486
4476	8384	86516
4477	8440	86446
4478	8378	86456
4479	8436	86510
4480	8398	86594
4481	8444	86560
4482	8370	86576
4483	8456	86664
4484	8416	86690
4485	8460	86654
4486	8466	86716
4487	8428	86680
4488	8466	86730
4489	8438	86798
4490	8414	86722
4491	8360	86780
4492	8446	86922
4493	8474	86902
4494	8542	86900
4495	8468	86886
4496	8462	86888
4497	8424	87042
4498	8490	86960
4499	8422	87016
4500	8464	87020
4501	8416	86964
4502	8492	87182
4503	8368	87122
4504	8478	87114
4505	8430	87242
4506	8506	87090
4507	8468	87254
4508	8398	87222
4509	8444	87182
4510	8516	87194
4511	8462	87234
4512	8546	87254
4513	8494	87318
4514	8462	87236
4515	8464	87466
4516	8464	87382
4517	8478	87448
4518	8490	87458
4519	8442	87430
4520	8396	87452
4521	8508	87524
4522	8496	87514
4523	8446	87572
4524	8450	87512
4525	8528	87614
4526	8488	87616
4527	8526	87614
4528	8542	87644
4529	8468	87574
4530	8596	87684
4531	8494	87738
4532	8550	87788
4533	8504	87784
4534	8492	87850
4535	8524	87772
4536	8556	87790
4537	8496	87842
4538	8492	87990
4539	8522	87880
4540	8516	87842
4541	8548	87874
4542	8534	87920
4543	8512	87976
4544	8516	88046
4545	8464	87998
4546	8432	87950
4547	8492	88162
4548	8494	88114
4549	8526	88112
4550	8534	88090
4551	8560	88098
4552	8498	88154
4553	8534	88208
4554	8614	88324
4555	8588	88172
4556	8568	88352
4557	8526	88276
4558	8552	88308
4559	8552	88332
4560	8576	88466
4561	8618	88430
4562	8574	88404
4563	8526	88464
4564	8514	88458
4565	8526	88404
4566	8544	88434
4567	8538	88526
4568	8572	88596
4569	8594	88528
4570	8544	88544
4571	8552	88584
4572	8596	88702
4573	8576	88618
4574	8636	88690
4575	8590	88750
4576	8570	88692
4577	8616	88782
4578	8584	88880
4579	8598	88816
4580	8588	88884
4581	8616	88808
4582	8604	88856
4583	8602	88840
4584	8620	88890
4585	8606	88866
4586	8682	88940
4587	8540	88972
4588	8628	88948
4589	8572	89038
4590	8670	89018
4591	8572	89138
4592	8610	89112
4593	8566	89090
4594	8648	89260
4595	8608	89160
4596	8688	89072
4597	8604	89250
4598	8666	89248
4599	8610	89170
4600	8648	89262
4601	8656	89368
4602	8644	89264
4603	8618	89370
4604	8588	89330
4605	8592	89366
4606	8666	89398
4607	8604	89454
4608	8656	89528
4609	8628	89508
4610	8656	89464
4611	8660	89476
4612	8694	89514
4613	8670	89606
4614	8688	89484
4615	8658	89572
4616	8622	89576
4617	8692	89666
4618	8654	89620
4619	8610	89662
4620	8700	89666
4621	8690	89776
4622	8736	89694
4623	8700	89760
4624	8682	89824
4625	8656	89788
4626	8688	89850
4627	8632	89898
4628	8634	89888
4629	8736	89914
4630	8726	89862
4631	8674	89944
4632	8728	90018
4633	8694	90022
4634	8654	90026
4635	8622	90108
4636	8804	90032
4637	8714	90094
4638	8740	90120
4639	8666	90148
4640	8606	90198
4641	8694	90152
4642	8726	90212
4643	8772	90306
4644	8716	90354
4645	8768	90258
4646	8688	90310
4647	8732	90288
4648	8696	90390
4649	8690	90324
4650	8828	90366
4651	8756	90444
4652	8676	90430
4653	8748	90472
4654	8676	90466
4655	8826	90532
4656	8688	90520
4657	8756	90580
4658	8690	90518
4659	8736	90612
4660	8732	90574
4661	8824	90698
4662	8778	90584
4663	8704	90650
4664	8764	90704
4665	8714	90748
4666	8728	90678
4667	8752	90676
4668	8740	90788
4669	8794	90766
4670	8774	90822
4671	8796	90942
4672	8840	90958
4673	8840	90954
4674	8790	90944
4675	8800	90950
4676	8762	90920
4677	8778	91116
4678	8832	90994
4679	8780	91104
4680	8750	91008
4681	8824	91012
4682	8840	91168
4683	8774	91190
4684	8768	91260
4685	8822	91174
4686	8788	91236
4687	8826	91224
4688	8734	91254
4689	8766	91258
4690	8826	91272
4691	8720	91256
4692	8764	91326
4693	8822	91388
4694	8794	91416
4695	8786	91422
4696	8864	91476
4697	8800	91510
4698	8770	91500
4699	8850	91472
4700	8904	91508
4701	8842	91534
4702	8788	91590
4703	8872	91572
4704	8798	91580
4705	8742	91620
4706	8866	91614
4707	8790	91698
4708	8892	91674
4709	8844	91700
4710	8832	91708
4711	8786	91724
4712	8918	91784
4713	8860	91748
4714	8802	91718
4715	8792	91864
4716	8930	91762
4717	8830	91862
4718	8872	91960
4719	8846	92020
4720	8844	91970
4721	8842	91924
4722	8888	92012
4723	8908	92010
4724	8810	92096
4725	8818	92150
4726	8850	92122
4727	8840	92168
4728	8848	92110
4729	8960	92160
4730	8840	92174
4731	8922	92150
4732	8916	92158
4733	8886	92234
4734	8864	92316
4735	8862	92346
4736	8902	92358
4737	8850	92452
4738	8904	92338
4739	8808	92384
4740	8842	92460
4741	8850	92450
4742	8916	92518
4743	8860	92398
4744	8944	92456
4745	8936	92532
4746	8858	92626
4747	8920	92580
4748	8932	92684
4749	8968	92574
4750	8892	92722
4751	8948	92716
4752	8956	92670
4753	9026	92716
4754	8914	92702
4755	8918	92728
4756	8932	92824
4757	8948	92798
4758	8860	92778
4759	8876	92860
4760	8958	92862
4761	8906	92854
4762	8958	92886
4763	8914	92896
4764	8912	93008
4765	8946	92982
4766	8946	93084
4767	8852	93030
4768	9016	93056
4769	8962	93038
4770	8942	93092
4771	8982	93022
4772	8960	93124
4773	8954	93144
4774	8982	93120
4775	8992	93248
4776	8946	93246
4777	8988	93288
4778	9006	93266
4779	8960	93262
4780	8952	93288
4781	8980	93414
4782	9010	93346
4783	9002	93416
4784	9044	93402
4785	8944	93462
4786	9044	93426
4787	8984	93452
4788	9054	93560
4789	8984	93522
4790	8990	93528
4791	8962	93576
4792	9068	93600
4793	8994	93658
4794	9054	93684
4795	8980	93560
4796	8948	93740
4797	8942	93736
4798	8952	93760
4799	9030	93794
4800	8996	93732
4801	8962	93740
4802	9058	93802
4803	9028	93866
4804	9044	93810
4805	9116	93900
4806	9036	93930
4807	8938	93946
4808	9082	93900
4809	9034	93940
4810	8962	94060
4811	9032	94132
4812	9044	94044
4813	8988	94152
4814	9020	94100
4815	9022	94196
4816	9036	94118
4817	9036	94176
4818	9058	94128
4819	9026	94170
4820	9034	94270
4821	9086	94214
4822	9090	94240
4823	9064	94212
4824	9050	94310
4825	9056	94262
4826	9020	94420
4827	9104	94414
4828	9028	94372
4829	9046	94498
4830	9088	94480
4831	9020	94482
4832	9048	94508
4833	9092	94534
4834	9026	94522
4835	9126	94584
4836	9066	94520
4837	9032	94614
4838	9018	94610
4839	9084	94720
4840	9076	94672
4841	9058	94652
4842	9134	94782
4843	9080	94722
4844	9156	94836
4845	9078	94880
4846	9078	94820
4847	9152	94836
4848	9116	94824
4849	9060	94884
4850	9120	94960
4851	9168	94884
4852	9116	94942
4853	9126	94920
4854	9140	95064
4855	9068	94962
4856	9124	95122
4857	9150	95096
4858	9106	95126
4859	9136	95188
4860	9076	95068
4861	9156	95106
4862	9134	95176
4863	9154	95212
4864	9070	95236
4865	9154	95292
4866	9160	95294
4867	9142	95228
4868	9214	95414
4869	9118	95266
4870	9162	95398
4871	9142	95340
4872	9178	95452
4873	9156	95464
4874	9136	95498
4875	9106	95508
4876	9166	95568
4877	9186	95440
4878	9072	95534
4879	9204	95556
4880	9240	95536
4881	9150	95602
4882	9144	95770
4883	9224	95666
4884	9192	95714
4885	9102	95754
4886	9154	95746
4887	9092	95794
4888	9180	95820
4889	9230	95782
4890	9098	95806
4891	9232	95784
4892	9192	95836
4893	9228	95824
4894	9230	95934
4895	9224	95908
4896	9170	95976
4897	9118	96006
4898	9224	96022
4899	9186	96020
4900	9248	96076
4901	9174	96104
4902	9232	96098
4903	9256	96058
4904	9158	96102
4905	9260	96146
4906	9216	96162
4907	9274	96198
4908	9246	96260
4909	9148	96274
4910	9220	96376
4911	9218	96388
4912	9258	96348
4913	9204	96426
4914	9290	96422
4915	9232	96446
4916	9186	96392
4917	9232	96404
4918	9276	96408
4919	9224	96466
4920	9268	96444
4921	9204	96368
4922	9158	96510
4923	9224	96570
4924	9220	96684
4925	9224	96612
4926	9256	96604
4927	9192	96748
4928	9250	96690
4929	9340	96672
4930	9212	96802
4931	9336	96832
4932	9270	96748
4933	9272	96760
4934	9288	96782
4935	9290	96808
4936	9276	96800
4937	9302	96908
4938	9292	96948
4939	9262	96914
4940	9242	96888
4941	9250	97002
4942	9302	96938
4943	9286	97070
4944	9292	96918
4945	9320	97122
4946	9282	97086
4947	9308	97084
4948	9324	97050
4949	9246	97060
4950	9348	97280
4951	9370	97240
4952	9330	97270
4953	9310	97240
4954	9296	97300
4955	9314	97382
4956	9242	97362
4957	9392	97234
4958	9264	97380
4959	9272	97386
4960	9284	97418
4961	9404	97434
4962	9358	97522
4963	9284	97530
4964	9324	97568
4965	9334	97422
4966	9384	97490
4967	9356	97508
4968	9350	97606
4969	9324	97588
4970	9384	97568
4971	9322	97592
4972	9280	97684
4973	9336	97686
4974	9390	97666
4975	9304	97728
4976	9326	97732
4977	9346	97828
4978	9328	97728
4979	9316	97786
4980	9354	97972
4981	9362	97890
4982	9368	97900
4983	9366	97940
4984	9362	98000
4985	9358	98002
4986	9340	98060
4987	9378	98070
4988	9364	98146
4989	9372	98028
4990	9462	98030
4991	9408	98170
4992	9364	98106
4993	9420	98294
4994	9418	98244
4995	9426	98240
4996	9360	98224
4997	9400	98294
4998	9474	98314
4999	9338	98372
5000	9418	98340
