4816
21753
18429
32296
6369
11464
10947
9717
13236
14021
23804
17052
14043
8928
26190
10311
29071
14832
3582
19213
30112
14258
23386
18443
29623
9297
29446
15211
6774
4426
13047
11387
24582
19715
8977
22216
12156
9410
112
25664
30486
1264
1188
19112
32420
3736
24453
14929
17489
32009
5860
7263
20282
7332
3689
23562
16379
17250
10234
25460
31157
7728
5801
25158
15982
20214
22338
25258
11812
4175
24618
14203
3446
30718
30882
7063
30824
13029
5751
407
9122
4312
3461
14317
1798
22330
18017
20033
17413
26550
6893
23692
18113
18028
71
24900
24778
13802
26089
20981
28895
627
4070
7304
21371
25993
18701
4966
12889
20231
30102
5336
16171
16512
16081
14340
23887
18881
30049
1163
30168
28573
26038
26557
18490
30368
21546
15653
2427
17354
8389
3505
15661
30603
28249
23305
447
24744
3318
16846
30400
4334
11021
6221
11736
24281
17826
24882
27853
16252
11904
273
9221
8285
26521
7206
13125
8295
3115
13829
19314
20557
7710
25020
9832
6771
11995
1424
20713
17023
24764
4850
7551
8450
19656
9923
6296
25140
25309
24139
23047
12596
29160
24016
13090
8180
1295
20625
13764
32391
31708
30406
32334
27877
19917
29604
28507
2953
8131
26885
29999
1108
31262
31981
19057
7408
5739
29250
7396
27497
27705
27034
14806
15503
1197
17757
31597
1483
7016
6141
4356
19624
21099
6457
6991
7766
31996
13270
25126
28052
26877
30999
12552
16078
7063
12008
10367
20193
16282
28889
31105
13986
1155
4520
27668
27193
29518
23205
19733
20651
15498
13813
11367
19018
3647
27137
7547
9945
8077
1736
32719
6495
23668
27827
31587
27673
8169
11833
25620
8039
24944
9727
24483
29707
19398
4536
9073
2889
3264
27334
4240
32328
21222
17428
19007
16595
1349
15690
377
32421
14146
32656
7577
19701
17425
31168
26531
13654
17831
7600
14807
4254
7891
20607
27466
373
28196
21434
32521
22314
25890
15495
30203
23208
29087
10397
12462
10806
25144
31781
1585
10528
20548
26462
10230
20770
18471
18469
20822
16936
7761
8143
3922
32706
19684
19760
13365
22931
3946
12371
18003
12001
30253
17686
18516
18861
8068
29181
29129
616
18577
21611
31413
8502
13348
30352
7685
14170
6638
1293
20949
14514
19778
22309
391
7901
6202
24694
14282
30704
28141
11911
18467
5348
17987
1733
6430
22163
30431
29387
10634
30248
26708
12914
13288
5415
29583
3103
1548
21004
14637
25491
32661
11463
4704
13228
15047
31666
3484
20181
8799
11388
11997
661
22270
26847
24604
1049
18214
15500
19510
5688
26222
6880
14910
1403
11053
14742
122
27761
4614
29696
577
9717
11184
28262
12211
13173
7377
5277
11411
1284
5156
1314
10672
7095
17507
25857
29940
29553
12014
22375
26430
19419
15859
18999
13339
32593
23682
3852
12153
605
17829
11798
20189
22102
25608
7456
29786
1735
20171
10398
15240
509
23874
19970
14756
28451
5483
19376
25283
9588
9001
11874
26906
31699
9169
14133
11097
12359
12308
18720
6503
4425
10697
30645
12550
17427
32604
4456
8326
5600
30512
8438
16952
3505
2287
25048
2194
30849
10921
29800
29908
14240
11055
20857
7766
23059
27499
30924
24038
428
3087
2174
25256
14844
1894
26312
1092
22231
5959
823
16184
5368
29063
11226
21144
6048
13967
4001
20975
30851
2011
24193
3940
6478
4610
6247
24596
26524
3426
16028
17969
26173
31765
9019
8297
30549
13561
31377
26473
30965
15879
26338
13172
24264
31018
32763
1542
20044
14103
5961
28726
15169
26244
10307
2683
16368
28640
9888
31704
29513
29001
5234
30238
24206
2978
5578
19641
11526
11447
28646
1658
27962
13185
3677
15196
24210
5643
2180
25151
27870
13203
14493
57
25507
4258
15453
7839
9503
14236
3423
8122
8538
17296
22365
25987
21934
16876
14194
16701
23283
11959
16047
6782
5294
18507
29715
22744
3003
24224
1671
21427
21763
14
25609
23174
19561
19397
11955
18211
1169
9371
32419
10734
29770
30919
5175
26065
20548
27830
17700
25094
20564
24438
29716
10214
8672
18928
31703
14670
19968
15705
23324
23062
31200
9008
19282
11635
8494
5159
24589
13437
13212
26419
31007
9294
19953
11537
187
5892
22450
2070
8777
15891
630
20829
2085
21732
7341
21139
32359
24371
10788
32740
30287
5954
7619
5909
2384
11366
11041
20591
23744
30080
18959
17072
23927
29867
22397
3269
560
16964
21870
28960
14318
14986
4710
10130
5015
20295
176
17261
654
1629
2196
32112
8724
32115
10701
3742
80
13436
29690
21544
21358
9369
25125
9291
25517
12185
14965
9998
19641
22165
30520
21292
7668
20861
15935
21759
26503
32494
1233
28941
23492
25755
18278
6268
18182
2238
15526
23036
1828
28203
27095
20399
17858
26269
3746
21696
10269
18700
146
8918
25263
1575
10990
12273
11383
29729
24280
3627
1251
188
28599
5649
3736
19962
7501
28985
427
13910
8070
28434
9914
20726
8075
12402
17884
3576
13740
27447
6077
11512
31868
28825
6859
16459
12472
12434
6042
12093
29836
26212
26752
26008
12066
7305
10156
20433
29779
15879
24585
19801
22588
32448
19704
29457
5107
24504
18008
3935
32546
20606
10759
27874
6428
14176
11076
11988
705
4981
15665
6712
8563
13708
10219
3115
31315
3967
11488
26715
20680
9934
25261
4546
2992
11395
8100
7036
3017
1435
13945
7721
27521
14730
21140
18894
10812
7557
22193
8150
26271
6117
31779
11621
26600
25275
1962
27010
3001
17332
32609
26281
11094
20077
5940
11515
17243
24949
32043
23805
10898
5149
15781
19419
27296
1102
21261
10875
19947
15673
16834
23133
15877
23872
13935
4105
163
3575
8011
4977
6781
21257
13752
3686
6080
32298
7196
13287
11943
2879
10280
13907
14091
24959
7204
7791
13792
9868
28005
9680
13865
23677
15559
28653
449
22787
10296
14704
2356
27974
17396
7344
17136
25225
13694
15268
18736
10964
30336
32639
17106
15799
22441
17794
31478
27954
11216
8318
2974
26539
16793
19970
14156
6598
26426
26498
20611
4819
7777
16312
31025
23616
8797
16922
23289
16810
10776
19744
12454
4227
16949
19373
28944
5586
12406
27690
2285
22430
27042
24283
16214
726
27177
32218
6207
30210
20898
5556
5607
6241
9861
3583
13535
16993
17581
27670
27251
26
22958
24130
29561
22503
7422
12726
28801
21999
28216
18506
17358
17884
8166
22369
21681
3457
26848
29624
28974
17368
18001
16845
9819
22892
32336
22353
21505
12795
832
4927
19538
21375
25806
25126
32392
23025
9807
21646
32043
14513
14924
2133
21955
12127
16508
16813
734
2114
26730
14124
647
5555
28436
23152
10744
1337
2762
6332
13648
26216
1902
27754
27676
26009
16452
29941
14017
30041
27094
11257
11612
7456
22799
1404
20885
15636
5117
1134
29619
19088
21664
9533
29039
1751
15034
10037
19842
20356
454
7042
11586
5926
3222
28871
17335
31723
22584
29709
18319
19832
21251
6282
15837
17236
6468
29665
29755
28166
467
6240
8984
12506
32717
12904
175
7306
32313
31533
6102
700
23217
26285
5111
6106
3067
20526
6597
8017
20697
398
28333
19882
31147
30905
25386
10963
14951
25595
8112
4700
29908
24363
21627
13140
32516
5166
1118
32208
7846
18330
5295
14004
6967
32082
24815
4835
13722
20619
1968
31933
798
170
18120
19877
22788
25441
13527
11279
14327
3280
28144
24339
4117
8755
24737
9403
15350
19146
21367
22902
30378
13491
5223
18740
7256
31998
20198
3486
24153
29432
12727
13718
12638
21250
20290
20501
24651
13071
16864
8602
19429
24218
11064
13878
19274
6889
3594
2950
18279
31020
1836
2346
18020
8707
3952
13725
4387
19479
11944
29104
3437
3717
2464
15527
17967
30347
25202
25986
22308
14773
29573
18904
24566
24717
3148
2921
16887
25111
7387
4406
17528
26138
3212
3398
3305
20046
558
19557
8965
19122
12098
13119
10193
26358
17568
6808
11985
24734
29247
16786
4576
13655
3047
6153
17023
16766
346
30240
26046
23619
27579
1925
22680
7689
13239
26462
28358
13258
18582
4748
636
18836
18147
7194
14630
8194
7671
5281
8461
1545
3362
27947
31895
29235
16075
21301
4121
3112
24499
4323
29934
23224
15572
24045
12693
22637
386
18500
10422
25502
24902
26344
18637
15765
8562
7431
1836
13448
31206
5757
17808
14592
3146
6650
3178
10122
29328
9892
4239
26039
6866
10937
661
17072
30899
29419
18671
31531
27106
4658
20394
16384
25856
604
1023
5329
25459
16278
13545
31334
29069
10899
19822
5016
1308
19104
8047
31482
29344
16246
2083
3224
338
27965
24538
13089
27060
24318
18967
22308
16761
14807
8971
24474
7640
8150
23985
12968
32531
985
21597
17407
19991
2178
15886
26446
22630
22468
14796
12051
16952
17842
18295
4075
14547
24939
905
29217
5434
26897
13403
30692
22605
32454
18300
21724
3054
31072
14864
17528
17013
19298
13091
31235
5083
25962
19931
7549
5884
6287
8059
30091
18496
11689
28915
1434
8071
31719
14194
22685
435
21612
20706
26139
11639
9957
17568
12990
7067
12345
3691
13084
12117
15539
26406
10058
7420
6971
2019
5685
6231
15302
26034
25749
8671
27929
23036
23739
6829
9029
21929
27655
5391
15744
30288
9832
11368
14549
25561
27952
14345
1215
16936
7806
149
27506
11291
25213
15826
17911
4699
20929
2602
29336
7382
22291
17062
26671
7003
11635
7285
7204
19088
25952
15440
27905
7372
26025
2783
4734
18363
5586
11319
4090
9935
260
29235
11604
841
20832
20075
29010
4607
19547
11295
19130
16180
8573
20563
15370
23943
3523
12976
30413
18700
31131
31228
18297
31818
2304
12754
11149
3887
31184
1979
10329
17778
27284
28235
16456
21730
2279
12270
29191
26349
9872
3624
10680
5520
17707
22824
9759
23541
26469
28239
17870
10248
21685
31255
23073
31004
29816
18684
15844
29489
24354
3044
19791
7121
21712
32223
26772
797
9890
32404
27692
29189
30122
3696
11484
16627
12239
4553
21104
4504
24562
22616
19100
8279
1535
26236
12043
22331
3677
17111
2066
1074
8707
15509
1237
23990
6684
32352
2128
4046
15501
29112
15549
22477
29672
12827
24596
28702
28192
18951
15990
32525
30569
22414
26694
5203
31344
29169
21394
27550
59
22710
18240
26174
9968
6512
17618
2216
4284
19451
9257
13757
13967
3161
27979
10946
32184
30330
947
4148
28140
16218
20689
27530
522
2544
10640
23327
6595
8552
1364
8062
16565
22642
20554
1522
9996
19897
23273
18202
11862
19725
21230
10190
7596
21245
14103
26042
27322
13869
27444
27921
12776
8172
3780
6155
21125
14300
28722
4424
22120
1478
11535
2666
25487
5339
23943
8537
2991
25159
20952
2697
27003
10737
14912
32583
18679
6205
7474
5084
32103
17815
23298
15541
12088
21678
16244
11070
15327
31889
25167
23270
3117
10862
30739
24373
22081
32125
14820
861
27541
22357
20319
12400
17539
15600
22365
25139
13462
7111
24899
19100
5721
22752
4141
13604
8610
18233
5179
975
22693
27351
8948
26889
6254
9111
19679
8065
2164
21897
18038
19317
14037
31921
5620
25746
21917
22674
1462
11092
18580
5057
13536
11954
21799
13208
40
28181
189
9646
3705
18767
3008
13107
7075
10043
28404
30922
25363
18333
19414
11457
25496
17172
1918
7754
17659
25774
4674
30867
10672
12487
3809
12812
1072
10913
32229
26080
30712
26199
13176
23298
4466
1345
19705
4864
10402
30613
13057
22089
31922
10391
5826
15121
11020
23325
9605
28808
3646
13173
8547
3438
21761
30882
3562
23362
29366
16990
26384
30258
2185
31456
13094
12000
21138
18193
19540
22651
5434
28249
28713
15988
22720
24225
29861
22354
2228
6517
5065
11726
28911
14360
21747
26311
24070
3010
6327
19585
18738
5830
29874
104
27055
11422
27883
28924
23169
3821
3604
29613
10530
10215
28338
13808
26412
18822
10886
4768
9213
25091
3858
8681
2023
9180
191
9345
13186
30792
26953
4389
25953
452
3387
27222
2968
25296
4815
2279
16500
19879
16840
24091
3479
1891
5551
13562
22635
1872
19175
19033
20813
26618
5322
2178
18446
22470
12692
15487
44
26195
2283
9608
20177
9639
5838
1832
29254
31322
25114
24854
4949
25305
18398
4679
15925
11188
21924
20804
1486
26576
13788
11602
16026
17581
2207
9533
4967
31905
421
9754
20037
21344
3559
26280
18924
28776
3924
6966
7866
5574
11777
30193
18025
20314
24234
17846
24994
7917
1292
9342
1397
29710
5762
31679
4861
31128
11027
15746
24135
18179
18956
2359
14073
28682
26939
31953
8403
17575
20223
29797
19337
23993
27472
29231
12084
18739
23674
30027
24729
10679
22762
12263
3472
2539
17125
7786
27124
24716
12702
9455
3984
24785
4427
31094
1843
31572
6140
23027
16148
1368
1111
4239
30356
4000
30374
18368
17248
8029
23125
17755
6555
21081
28365
30124
15654
22028
27237
13604
9107
11309
25086
14256
21714
31413
13057
25610
32375
25500
14552
11653
21166
20789
3463
20276
14573
29018
27774
8491
11114
31808
29241
19464
19408
26718
17993
191
14942
19964
9590
7787
12360
7640
29611
11875
16800
18583
28027
31703
12489
4705
18587
26533
19135
4659
8340
6611
9756
18531
7841
5013
23322
14304
7273
29672
16398
4955
5532
21173
9718
1859
32597
25112
17298
17820
21568
25909
13785
13
6131
576
3471
24198
3109
31086
28048
15537
12761
19597
25403
23326
27754
30800
1819
17384
23953
2146
1921
28748
19486
28308
23649
4409
1759
20520
19662
12201
10245
5720
11604
1546
16260
9269
20704
25666
31236
25049
4609
7805
19719
21029
12566
23473
7058
15367
4370
29578
4186
23903
14463
15562
12519
21757
31819
30269
17456
1828
8071
31351
26476
5055
10125
21998
21117
11001
28285
6318
6112
14891
12209
25311
17571
24095
25549
1508
25121
16020
12277
17624
7522
19037
30940
2086
5854
29758
17853
10134
6412
10629
7092
30080
19828
9914
15618
9069
7591
4995
14788
6234
26311
18285
4112
24885
9349
15533
10962
25340
17387
20183
13619
18942
30376
14835
10095
7515
32314
28699
22002
17740
23851
32519
23891
12290
7207
4613
11804
24827
15362
25567
7376
26515
4790
16800
10817
24889
15819
32653
13725
8654
8248
28884
12050
26835
12299
27872
3404
11836
9215
28186
11863
3709
22813
14766
8468
141
27670
24546
9081
2112
32031
6809
21866
29681
11980
9891
21669
29955
23660
27700
26542
7502
11325
1169
29152
25697
23542
13343
2553
27714
13403
7830
19661
24812
27431
28281
27187
4608
31491
23500
29546
4052
29351
21353
18745
28012
11063
23515
17609
12721
5277
4884
17499
24822
27947
30548
30284
9693
11827
16366
29569
20391
1821
18661
25132
30763
7851
10695
2737
5827
1621
25242
11131
22201
22337
16873
28313
12026
21099
4632
14861
28205
4568
9792
2986
5921
12341
14136
32040
8418
2867
28802
12136
9508
6872
10647
6041
26473
17026
4677
4695
27853
25415
2520
1012
12844
16170
69
2523
18285
27343
24168
18604
26770
6167
15146
29304
31400
23035
13585
3317
27473
28701
15007
22757
26082
31284
7804
3815
2056
269
20025
19321
9080
18593
24559
6637
28840
25986
27190
13244
19838
14445
16608
28226
20886
31388
19717
19015
18709
24397
25927
29897
26008
15616
3294
5060
23506
185
17583
32405
4213
6209
30933
13782
5891
6853
10798
20283
24900
23401
6384
31169
4841
14893
14001
17750
13049
16705
13995
17958
13272
30815
32759
28938
6636
3029
5647
30544
18404
8087
9618
22985
17103
27873
25932
1151
30131
2088
7683
4751
7747
31587
22696
7614
26785
27573
25101
32190
6812
21688
14505
4508
24465
30295
28893
2934
6464
5843
21239
7653
26788
7834
17077
15388
1021
5557
24125
8882
1639
10423
15392
4048
17504
10089
15287
10008
20271
24700
8121
2283
19145
32110
7656
17760
17642
3573
11697
976
2445
21006
22298
18962
13768
2768
11986
3292
32633
10162
16561
531
32359
26842
7274
9137
27949
17206
25562
21082
21292
2783
27583
6714
12420
19429
26842
27449
16724
3945
29043
27630
10139
21791
15388
972
29961
21627
6889
24862
9107
14325
25608
3580
27750
27333
18923
2401
3799
32218
12034
23710
16446
20246
23209
12487
8149
8960
12648
20007
15425
761
860
17966
14939
19142
24853
19822
6453
5823
32612
17070
19279
30894
4385
13810
28686
960
32737
18291
4235
18609
11178
613
26278
21370
3709
28104
11085
29735
28634
29428
10322
29545
13150
7240
25939
2693
16528
27611
19452
22340
22562
28709
22095
14474
10420
30023
17376
21487
18021
27320
57
16303
16443
10085
6662
11121
13997
25142
4945
21992
8820
18349
32057
32277
25923
26280
20616
16431
3030
15363
12215
13923
21813
23366
6199
27993
10462
20152
26548
9150
22033
6146
30932
22411
6078
28121
29027
29582
7421
20960
1748
5800
5862
10534
11837
30424
9776
14201
12989
20063
26649
30877
15536
517
23624
21821
27436
15517
12795
1686
5610
24968
31367
29571
29520
21204
10557
11676
6158
1304
3258
18679
6233
22848
8904
14131
4851
26100
21272
1443
12589
10222
17140
19777
12431
18709
19364
11867
5175
25719
30131
868
29616
32679
26663
6177
24925
19079
16206
15281
7733
26657
29572
8278
2846
32144
18085
9186
9325
10863
14067
14746
23943
7818
17118
18405
16441
8798
9844
16667
9049
19852
18368
20203
26982
25895
3561
24384
16091
29940
26168
10843
6678
17765
4280
21648
22445
24593
20994
21164
21533
3723
30730
8565
25342
20741
27687
5926
29746
23762
2394
19310
117
18488
9992
10570
28076
913
16670
27979
5800
9235
14352
27461
18142
25749
13224
5709
23589
19624
31390
22182
29469
13375
12875
595
20322
600
10017
7774
30734
4924
784
23287
22227
31303
1656
26284
1176
24215
10811
20975
29100
10353
23985
27298
2009
24388
3642
16348
20037
27051
2866
17420
15082
483
13093
1618
11067
28630
4775
19976
19765
8546
1251
5666
21347
21551
11124
1643
13635
26365
7938
28673
7250
28036
18209
28943
24291
12205
15453
17403
28189
32091
81
8822
4078
319
8627
15507
3481
27574
17935
17410
1403
5347
4218
1707
8444
21891
23634
13632
19437
1120
24564
19724
30998
24218
1157
32349
26181
3179
25511
15653
5809
23717
5130
31140
15767
22670
3222
28300
28097
24454
6313
16369
12284
30506
5719
24812
25940
7664
16251
243
32279
29734
14134
28936
4774
9235
8994
15974
30673
24574
25064
7897
25221
13091
24210
6671
227
23674
6651
21905
19424
15154
10173
12824
27896
17975
2359
9228
19672
13604
7849
4989
17087
24778
14397
31583
21124
31133
1282
3589
12006
20261
24933
1908
28717
14396
14975
4127
6352
13040
18693
11486
31521
26312
4708
7528
15116
17476
32085
8827
5537
21504
1484
13753
13829
12240
13780
12245
26770
32156
21476
24066
30080
19640
29011
20248
2826
23373
21475
31706
19084
28793
14029
605
892
6151
4347
4822
16485
18944
31888
12188
19094
29811
1583
19274
7189
24439
20875
8559
7170
26226
645
15202
22410
27587
11445
26614
5308
24404
10858
26041
522
2185
9940
20318
18014
30134
23519
14110
25355
11642
32503
17270
21022
2840
11268
24990
10205
21757
28774
29901
23577
19185
20819
26753
5019
20833
21764
6331
18260
8726
4906
21267
10801
8672
15521
11680
15577
32235
4383
20318
21922
18203
4681
8475
4800
9611
31191
13937
3892
26425
30000
21894
7317
17791
20756
17807
1184
29682
29159
16126
20952
1700
21896
1487
4609
21655
22762
12255
5237
13412
25006
8342
8487
11237
711
29808
2647
8236
18108
654
626
11785
9711
18621
8581
17671
938
19818
10591
14836
454
5752
23544
15928
2889
2027
5385
10935
32757
1498
1763
19326
32249
14287
19189
20119
26392
783
6100
9137
26143
7733
26458
27169
29586
5713
18140
20958
25353
15911
6472
3526
27931
21744
13418
22756
2472
14890
14961
10703
32050
13322
20864
20477
18700
26369
5398
6945
12432
1637
3217
22108
30211
24186
28790
9770
15109
31956
26968
21829
19689
5057
13482
15689
15628
5546
1788
14440
1058
12290
3349
13691
25866
9297
1680
32021
17463
21208
16068
30391
10105
5868
8882
30416
6406
32247
4965
2545
21171
10196
4385
23877
4202
26379
12867
8866
30611
6889
26800
14435
9902
8493
25036
24261
13020
14320
6407
17198
16119
3807
5232
26145
22311
5975
30413
14142
4225
18993
31771
3240
16669
8692
28759
32230
21457
2555
23857
26065
12535
22545
4609
10654
8182
30412
29614
27063
9498
7495
22220
8005
14261
6702
6425
5303
17935
23910
32755
24107
2457
18694
32678
1996
7417
28270
10463
9104
28738
8178
6904
25483
26752
30786
30055
4918
31519
2530
3881
30336
32767
29371
589
20773
10759
25669
7676
24184
28317
20746
13449
21706
19635
20131
25290
2211
12121
14910
23090
15006
32385
8941
14486
22787
2010
19475
7194
10701
11607
28567
18299
10802
994
15505
103
16745
8730
189
7539
13061
17019
26946
6042
8101
25819
10299
27669
11049
23148
2214
4533
24039
9281
1368
2402
9522
21089
31681
28745
26250
11435
21300
9300
25752
24560
12627
30971
31304
19779
5997
13015
5500
12855
27163
12778
21263
18713
25427
86
11174
30778
19865
19165
4885
6586
17673
9635
18191
28866
7099
18028
967
7254
2804
15929
24646
15228
6837
9620
29706
3447
7371
3756
4347
29882
4419
28186
7977
1724
25046
32238
25207
10968
800
19362
18939
19586
5047
358
28848
2267
10319
9323
13298
8888
6819
1695
2049
8153
5620
2028
25196
24883
8730
7441
28038
13300
7465
13574
29892
18838
23737
15010
2953
293
24988
3461
25182
17096
4762
26346
24989
16986
26488
20815
14286
28921
7608
18263
25421
12093
8845
497
6973
255
1303
27157
19619
2994
6545
19083
5429
6688
20251
17746
18337
23981
10996
8143
32645
16897
31102
7595
4449
16203
5891
68
11986
10636
23330
27005
13454
11103
3368
32401
6292
20012
23550
16076
25799
5473
21519
403
11027
7821
27010
2736
29932
31656
30597
1820
28370
22226
14480
5624
3048
19243
6822
19900
16820
11883
15458
28770
3172
11380
13682
5921
13620
9136
13957
2833
15235
19971
30632
3593
5951
23058
10673
20248
23357
17015
23036
30644
4143
15075
24291
21869
2573
8220
23414
23408
26953
145
3431
8418
11829
19612
24706
9099
9621
2380
6734
13575
6940
30168
226
12274
22629
7664
9869
9664
15723
751
30157
13987
9807
22831
30983
27876
11022
16885
22917
26552
7094
7244
5668
20025
18291
5009
26609
8822
4656
24871
29782
6158
954
26654
22282
1642
17548
27209
10139
28031
30000
21717
10836
13751
23140
13149
24096
13042
26029
3221
25121
1703
24625
27798
8236
23556
22014
19981
27537
15371
18846
25290
22906
11799
2951
6827
31883
23055
22761
18495
16266
10747
20235
6988
15200
29710
7169
14796
21088
21166
18508
15456
25437
4186
17015
28263
30749
28643
21858
19764
16171
30864
28558
4387
20479
11858
24541
27538
29677
525
31059
3955
5967
2340
14782
13259
7068
24042
2533
19020
7763
3899
13440
6556
31511
20939
4698
7774
27805
3941
25125
12610
303
21638
27789
27720
4923
15755
3923
13912
3106
17597
8309
6114
6766
27481
29092
7451
11113
18610
18454
28747
2639
493
8273
31088
1346
32058
6297
2301
21380
8636
23565
2172
18077
6762
22399
8122
15698
2060
6001
9986
17388
28033
30109
13519
21829
32461
28434
10226
23397
26808
18209
30261
19086
22040
523
29137
28592
22759
308
16192
18892
14530
806
31889
24174
17281
4815
29387
19533
5007
18486
3114
29357
27199
9960
705
31236
18015
19178
217
21734
31703
6843
15424
22009
2809
8061
31938
20131
22081
8738
7737
27019
23625
27545
11996
10405
2800
26800
22392
21518
5935
24915
14491
8617
4501
326
24043
4689
13718
20016
32462
12594
32438
15261
28006
32383
6567
31147
27974
22689
1066
15113
27848
6584
18500
17223
13877
30287
4022
20363
23483
32067
2517
11643
10990
6371
4480
13316
12021
180
29867
10516
15735
27686
3005
22688
12469
1575
12140
1915
23791
1173
4473
23093
30775
11674
5196
13129
11594
5007
14633
28551
22333
2309
294
12409
5077
9381
27396
5916
30410
8386
25739
1944
15206
28509
29414
10391
5820
14290
31371
5337
1293
27626
958
25826
20873
19889
27641
32633
32654
30074
21842
10990
12083
24456
8130
13847
26130
18693
3232
5084
4406
18739
1660
26934
10101
11814
24772
6840
28668
19350
4525
21283
19788
31471
2898
1161
32171
6694
3715
25057
6821
30340
1449
27186
20950
31644
6432
11821
12521
18344
14548
9402
30149
8442
13420
30106
1894
26783
30518
7754
20954
25692
5237
22245
10458
18635
17874
14578
20740
8761
7151
8436
5899
32179
9083
9800
2083
31043
23777
30720
5808
19335
18690
30218
17248
9766
24337
403
3147
19942
3118
19646
3517
7409
14447
8462
26359
9973
31361
19143
27911
10636
17891
1283
25471
27138
21052
2733
13853
18643
17079
19299
3007
28351
23354
25311
15358
27108
13664
26630
1669
10127
15523
9604
8525
1660
2893
17668
19977
20315
9104
1835
17000
29636
3480
6656
17567
27118
25761
15424
16506
26573
32054
5814
18366
22465
28750
16867
27554
31136
13763
25179
4098
10035
24414
14287
15581
290
6361
9018
22410
24315
30379
9447
25765
20801
13505
16561
23008
8013
20381
4376
26111
26274
18927
8525
26192
16029
25004
4697
24071
31642
4065
13785
30859
18824
8746
14434
23382
14211
14528
4018
16586
24103
556
25833
9455
26154
11531
392
19929
1588
4326
6873
21460
19881
21689
31492
26413
25439
17475
25731
9475
9553
4607
6691
15955
27676
26913
5662
13844
5553
30189
21561
5761
11550
24490
15998
29087
19008
20644
749
15953
3182
12586
26124
27233
16551
22659
10899
14712
12916
11780
14345
12817
13695
18959
26056
24969
9081
3766
53
19507
19160
21502
32620
19611
9900
11078
22516
9280
15970
15156
7602
23030
28403
22423
11425
9433
322
12381
1072
12169
4066
32609
31029
24927
21143
2899
17590
18205
25967
5181
29472
5621
22875
15588
30016
30659
28698
1570
21717
4609
13733
3203
15033
2664
20678
14974
29663
2991
27494
18155
12451
24602
7828
16921
14080
32474
17752
15607
23218
9982
4753
18325
11448
11422
26837
19763
3413
6554
588
6787
17054
19015
12235
22232
8784
29945
15942
6391
10422
5834
27581
28817
28709
25046
29999
10251
4740
18026
5
27700
27891
32315
2425
2514
23349
9521
4131
18243
16309
12967
8076
27842
21193
18741
32501
18231
13248
20493
11271
7880
15087
28225
10613
26777
18472
31894
32144
22198
9110
31115
17639
17975
25373
12235
29738
3803
31799
8473
7423
26723
2617
27991
17256
15329
3380
6353
215
39
8691
8697
1491
5298
26065
13520
1842
5777
15039
4634
5547
21272
791
4806
10447
3050
27591
134
1002
19520
8847
3384
10030
2704
17811
1838
4957
27705
26146
6539
10587
21248
20791
4802
7335
21736
4671
5270
9771
30927
7405
18326
6760
22415
18250
4042
28001
15704
887
15162
1393
31944
25652
20181
10674
9286
3534
4214
26425
2223
25825
18668
8207
28907
4787
21807
21293
1174
13761
24260
14836
24469
30224
21773
7069
9015
6678
18960
11789
9589
29881
16757
14039
31715
17185
32554
15601
4852
9585
19445
659
13729
12127
20433
31523
2394
20385
28961
1288
4315
18080
28111
1661
19470
24484
21982
12732
24699
30177
11195
22385
25820
31059
31454
11260
29270
3546
3390
1387
1997
25071
13039
5481
30091
14502
17175
18806
3582
28305
15063
21831
22789
9583
28934
6670
12068
7830
26499
26795
25763
12874
15394
998
8670
19931
9911
29677
27135
10845
25235
20201
23977
19142
23667
20882
25858
9725
17861
16107
4854
7539
13953
8877
10775
9399
9084
25097
969
9621
9460
14342
21456
23178
16155
19471
2891
14089
29179
14197
8300
15997
21374
10421
9461
6646
14636
15127
13866
19109
20745
24473
3261
27734
16524
18639
12907
21138
7573
28822
19204
12491
1191
7021
15219
8623
14212
4845
20584
2453
19197
19419
20266
1858
15877
29399
10738
30513
27283
10112
8285
1883
3255
27684
30179
11445
21207
31155
10411
20009
15173
22918
7374
26166
456
13743
17869
28258
6168
29163
7328
10575
22433
11164
17515
3571
29683
2698
8828
15909
5765
15732
22600
2027
9895
31190
11196
7959
29384
28276
14809
32359
23923
30387
7322
1261
1168
12048
4408
4348
21428
7620
26239
28261
23409
9333
9303
30575
13990
8450
13856
14556
13834
30665
23217
24763
24323
5897
30224
23540
3817
4226
30384
24464
10869
9467
8296
27058
21574
4806
24412
27912
18816
11087
11067
26189
1229
84
23350
27836
25090
11640
17637
14261
32696
16183
3003
27704
4926
31907
167
6049
9065
4905
15402
10600
2692
2046
1156
10377
5487
28030
15396
3666
20644
4235
24349
18070
24007
25161
19045
2512
28092
12034
19625
3438
27036
13490
13074
7499
27942
2328
13724
26637
27366
23706
8858
23664
30813
20787
6397
18508
12005
6501
31764
9799
17855
9190
32207
29492
937
2293
22559
5343
5147
17248
4670
22683
28434
11206
30320
23568
22344
944
18633
9468
30194
14511
17368
29671
4624
3927
18772
18348
13761
13813
4240
13380
11488
28124
22751
28365
31807
24911
23264
31196
31672
10061
3242
5069
21541
1709
28927
10752
13340
28992
21197
28392
3573
5542
32484
25929
18980
24053
11117
9907
21378
18768
17572
18433
26141
16585
8224
28011
15887
31641
16865
16184
8014
22912
13484
20361
22237
32448
12692
4249
28964
13716
18423
29495
19833
24642
21215
19926
23441
16755
13814
853
5458
981
18655
23122
4711
22419
18854
32178
32058
8702
25006
15557
30904
17795
22430
25661
9127
26364
24004
11306
21923
26447
18238
31041
29937
20608
20115
23644
29621
15358
18132
23788
12517
24738
32391
3970
25512
22084
11658
25285
11468
18220
21752
9455
31203
17751
11375
22196
1270
4084
7732
14025
28743
5140
26737
32700
16326
1662
4066
29745
6423
22010
11727
6865
20923
8368
19301
4406
3885
32354
29324
30037
28961
32212
7977
32568
23095
30196
1922
14725
31283
18615
12358
5160
7161
6925
5896
16555
29026
3552
17550
31662
14448
29514
15675
14223
20614
12490
25345
4031
6320
4015
27779
24468
16174
12018
12391
4182
18045
29478
671
22581
21571
11832
8753
24312
2883
31470
19019
17137
12239
27797
19454
15303
13139
25576
28726
3595
12091
2974
24339
5942
884
4298
4063
18827
8518
10730
4669
14473
26771
12884
22936
23229
30228
30883
12897
9628
21728
241
30615
12481
11455
19630
24605
12568
31792
24671
7930
405
294
11798
22950
22243
28600
19537
4860
4869
1667
9699
2978
32262
4209
4151
25961
1213
22342
26670
22764
5360
24385
30116
1888
2478
20099
19011
10657
25082
12376
292
14141
14805
30480
32673
22593
15969
30031
18922
19932
30467
14700
4204
29194
8545
16680
20971
21772
13270
28869
25613
20824
13217
21419
13728
28796
2486
10705
12902
3055
9273
23574
1355
11839
21036
30828
6311
7722
11058
7454
25058
5768
2380
32729
20737
14117
14068
5142
28882
9480
3132
24982
32448
18791
24771
31343
13499
14122
27668
18397
18000
23345
9130
10233
27189
30551
10607
24627
31098
28095
26444
22447
17262
15705
28540
25814
22859
27611
15589
10750
183
7510
19707
8503
22444
5800
9454
12342
28121
28342
5594
24177
6855
14213
22286
12504
1219
30234
18339
26666
16843
12945
5454
28077
17169
26892
14117
15319
30467
15721
1419
15300
2106
17070
24721
1413
