1	1
2	2
3	2
4	4
5	2
6	2
7	2
8	2
9	6
10	2
11	7
12	6
13	5
14	4
15	6
16	7
17	2
18	7
19	4
20	8
21	8
22	4
23	9
24	9
25	9
26	9
27	8
28	9
29	2
30	9
31	9
32	8
33	11
34	11
35	2
36	9
37	9
38	9
39	8
40	9
41	8
42	6
43	11
44	10
45	2
46	9
47	8
48	2
49	11
50	8
51	9
52	9
53	11
54	8
55	10
56	11
57	4
58	8
59	10
60	11
61	4
62	11
63	11
64	10
65	13
66	2
67	10
68	6
69	10
70	12
71	11
72	11
73	11
74	4
75	10
76	8
77	11
78	10
79	10
80	10
81	13
82	12
83	13
84	11
85	13
86	12
87	10
88	13
89	10
90	13
91	13
92	11
93	12
94	13
95	10
96	13
97	10
98	11
99	12
100	13
101	13
102	13
103	10
104	12
105	11
106	10
107	12
108	10
109	13
110	10
111	10
112	10
113	13
114	12
115	13
116	6
117	13
118	13
119	13
120	13
121	10
122	12
123	12
124	12
125	4
126	13
127	13
128	13
129	13
130	12
131	13
132	13
133	8
134	8
135	13
136	12
137	12
138	12
139	13
140	12
141	12
142	13
143	6
144	8
145	10
146	14
147	13
148	12
149	12
150	14
151	13
152	13
153	12
154	13
155	12
156	14
157	10
158	12
159	10
160	12
161	14
162	14
163	8
164	13
165	14
166	13
167	8
168	12
169	13
170	12
171	14
172	14
173	10
174	12
175	14
176	13
177	14
178	13
179	15
180	10
181	13
182	13
183	15
184	14
185	15
186	15
187	12
188	8
189	15
190	13
191	15
192	14
193	12
194	12
195	13
196	10
197	14
198	14
199	12
200	12
201	14
202	12
203	15
204	12
205	14
206	14
207	14
208	14
209	15
210	2
211	14
212	15
213	15
214	10
215	15
216	12
217	8
218	13
219	12
220	12
221	15
222	15
223	14
224	14
225	12
226	15
227	15
228	15
229	15
230	15
231	12
232	12
233	12
234	14
235	15
236	12
237	15
238	14
239	15
240	15
241	15
242	15
243	15
244	14
245	15
246	12
247	12
248	12
249	15
250	15
251	12
252	14
253	15
254	14
255	15
256	14
257	15
258	14
259	14
260	12
261	17
262	14
263	12
264	17
265	12
266	15
267	14
268	15
269	14
270	15
271	15
272	15
273	15
274	15
275	14
276	15
277	15
278	12
279	15
280	16
281	15
282	15
283	12
284	15
285	15
286	14
287	14
288	15
289	17
290	15
291	12
292	16
293	14
294	14
295	15
296	14
297	17
298	15
299	12
300	12
301	15
302	15
303	15
304	15
305	17
306	17
307	15
308	14
309	15
310	14
311	15
312	12
313	14
314	17
315	15
316	17
317	17
318	14
319	14
320	15
321	17
322	14
323	14
324	16
325	17
326	8
327	17
328	14
329	12
330	17
331	15
332	12
333	14
334	15
335	15
336	17
337	17
338	12
339	15
340	14
341	14
342	14
343	14
344	15
345	12
346	10
347	16
348	14
349	16
350	15
351	15
352	17
353	14
354	14
355	14
356	14
357	14
358	16
359	15
360	15
361	15
362	17
363	17
364	15
365	17
366	15
367	15
368	14
369	4
370	17
371	17
372	6
373	12
374	15
375	15
376	16
377	16
378	16
379	17
380	14
381	14
382	12
383	15
384	16
385	16
386	14
387	16
388	17
389	17
390	15
391	15
392	17
393	17
394	16
395	15
396	17
397	16
398	15
399	14
400	17
401	16
402	15
403	16
404	14
405	17
406	14
407	17
408	17
409	17
410	14
411	16
412	16
413	17
414	12
415	17
416	14
417	17
418	6
419	17
420	12
421	17
422	17
423	15
424	17
425	16
426	17
427	16
428	17
429	15
430	17
431	17
432	15
433	10
434	12
435	15
436	12
437	14
438	6
439	12
440	15
441	15
442	17
443	17
444	16
445	17
446	14
447	17
448	17
449	16
450	17
451	14
452	17
453	17
454	16
455	17
456	14
457	16
458	16
459	16
460	17
461	16
462	17
463	17
464	16
465	17
466	17
467	16
468	17
469	8
470	17
471	17
472	16
473	14
474	10
475	17
476	17
477	17
478	16
479	16
480	17
481	17
482	6
483	17
484	17
485	10
486	17
487	17
488	17
489	17
490	14
491	14
492	17
493	17
494	17
495	17
496	17
497	17
498	16
499	17
500	17
501	17
502	10
503	16
504	17
505	17
506	17
507	17
508	14
509	17
510	16
511	17
512	10
513	17
514	2
515	12
516	17
517	17
518	17
519	17
520	16
521	17
522	16
523	17
524	14
525	12
526	16
527	12
528	12
529	10
530	17
531	17
532	17
533	4
534	14
535	10
536	16
537	8
538	16
539	16
540	12
541	17
542	18
543	17
544	16
545	16
546	14
547	18
548	19
549	16
550	8
551	14
552	18
553	19
554	17
555	17
556	17
557	17
558	17
559	17
560	16
561	17
562	16
563	16
564	19
565	16
566	19
567	17
568	17
569	16
570	14
571	17
572	17
573	17
574	12
575	19
576	12
577	17
578	17
579	16
580	16
581	17
582	17
583	16
584	16
585	19
586	16
587	17
588	12
589	18
590	17
591	16
592	17
593	19
594	16
595	10
596	16
597	16
598	16
599	6
600	19
601	16
602	17
603	16
604	17
605	18
606	17
607	17
608	14
609	19
610	16
611	19
612	19
613	17
614	17
615	17
616	17
617	16
618	17
619	14
620	17
621	12
622	19
623	16
624	14
625	17
626	16
627	16
628	14
629	17
630	12
631	17
632	17
633	16
634	14
635	16
636	14
637	17
638	12
639	19
640	14
641	18
642	14
643	17
644	18
645	12
646	17
647	18
648	16
649	14
650	14
651	18
652	17
653	17
654	16
655	16
656	14
657	12
658	16
659	17
660	14
661	16
662	19
663	12
664	19
665	19
666	19
667	14
668	16
669	19
670	19
671	17
672	14
673	14
674	18
675	19
676	18
677	19
678	17
679	19
680	17
681	18
682	19
683	17
684	16
685	19
686	19
687	19
688	19
689	17
690	19
691	18
692	17
693	16
694	19
695	16
696	18
697	18
698	18
699	8
700	19
701	18
702	14
703	19
704	19
705	19
706	19
707	16
708	19
709	17
710	17
711	19
712	19
713	17
714	19
715	17
716	17
717	17
718	16
719	18
720	19
721	17
722	18
723	14
724	18
725	18
726	16
727	16
728	12
729	14
730	16
731	19
732	19
733	17
734	14
735	19
736	17
737	19
738	16
739	16
740	16
741	19
742	17
743	19
744	19
745	16
746	17
747	17
748	6
749	16
750	10
751	16
752	19
753	19
754	17
755	14
756	19
757	18
758	19
759	19
760	17
761	16
762	18
763	18
764	19
765	19
766	18
767	18
768	18
769	17
770	18
771	17
772	12
773	17
774	19
775	19
776	19
777	18
778	19
779	19
780	16
781	17
782	17
783	17
784	19
785	19
786	17
787	19
788	16
789	16
790	17
791	19
792	18
793	19
794	19
795	18
796	14
797	19
798	17
799	10
800	18
801	19
802	19
803	19
804	19
805	16
806	18
807	18
808	17
809	16
810	18
811	17
812	17
813	17
814	16
815	17
816	18
817	16
818	19
819	19
820	18
821	19
822	12
823	14
824	18
825	19
826	19
827	18
828	19
829	19
830	19
831	17
832	16
833	18
834	19
835	16
836	18
837	19
838	17
839	17
840	17
841	19
842	18
843	17
844	12
845	18
846	17
847	18
848	14
849	12
850	19
851	19
852	18
853	18
854	4
855	19
856	18
857	18
858	19
859	16
860	14
861	18
862	19
863	18
864	18
865	17
866	12
867	12
868	18
869	19
870	19
871	19
872	19
873	16
874	18
875	14
876	16
877	6
878	16
879	17
880	18
881	19
882	16
883	18
884	16
885	17
886	18
887	19
888	17
889	18
890	18
891	14
892	18
893	18
894	19
895	19
896	19
897	16
898	19
899	19
900	17
901	19
902	18
903	19
904	19
905	19
906	19
907	2
908	19
909	16
910	16
911	19
912	18
913	19
914	17
915	18
916	19
917	19
918	18
919	14
920	19
921	19
922	18
923	18
924	17
925	19
926	19
927	18
928	6
929	18
930	12
931	19
932	19
933	18
934	19
935	18
936	10
937	16
938	14
939	18
940	19
941	19
942	19
943	18
944	12
945	19
946	19
947	19
948	19
949	12
950	17
951	16
952	16
953	16
954	19
955	18
956	19
957	18
958	18
959	19
960	12
961	19
962	16
963	14
964	14
965	19
966	19
967	18
968	14
969	19
970	16
971	19
972	19
973	18
974	19
975	19
976	19
977	18
978	18
979	19
980	19
981	18
982	19
983	12
984	19
985	19
986	19
987	19
988	16
989	19
990	18
991	19
992	19
993	14
994	19
995	19
996	19
997	18
998	19
999	14
1000	18
1001	18
1002	18
1003	19
1004	19
1005	16
1006	19
1007	19
1008	12
1009	12
1010	18
1011	18
1012	19
1013	19
1014	16
1015	19
1016	19
1017	18
1018	19
1019	19
1020	18
1021	18
1022	19
1023	19
1024	19
1025	19
1026	19
1027	19
1028	16
1029	19
1030	21
1031	18
1032	19
1033	18
1034	19
1035	19
1036	19
1037	18
1038	18
1039	16
1040	19
1041	18
1042	19
1043	18
1044	19
1045	19
1046	19
1047	19
1048	19
1049	19
1050	18
1051	19
1052	18
1053	21
1054	18
1055	21
1056	19
1057	20
1058	19
1059	12
1060	18
1061	19
1062	18
1063	16
1064	19
1065	20
1066	18
1067	16
1068	18
1069	19
1070	19
1071	18
1072	19
1073	19
1074	19
1075	19
1076	18
1077	19
1078	19
1079	12
1080	18
1081	14
1082	19
1083	14
1084	19
1085	18
1086	19
1087	21
1088	18
1089	18
1090	19
1091	18
1092	18
1093	19
1094	16
1095	19
1096	16
1097	19
1098	19
1099	18
1100	16
1101	19
1102	14
1103	19
1104	19
1105	19
1106	20
1107	19
1108	21
1109	19
1110	19
1111	18
1112	10
1113	18
1114	20
1115	18
1116	19
1117	19
1118	19
1119	19
1120	20
1121	19
1122	19
1123	14
1124	14
1125	14
1126	16
1127	19
1128	19
1129	21
1130	16
1131	16
1132	14
1133	18
1134	19
1135	19
1136	19
1137	18
1138	19
1139	18
1140	18
1141	16
1142	19
1143	20
1144	16
1145	19
1146	20
1147	8
1148	19
1149	18
1150	19
1151	19
1152	21
1153	19
1154	19
1155	18
1156	21
1157	19
1158	19
1159	19
1160	21
1161	19
1162	18
1163	21
1164	21
1165	19
1166	18
1167	16
1168	18
1169	21
1170	18
1171	16
1172	20
1173	21
1174	20
1175	21
1176	19
1177	19
1178	19
1179	21
1180	18
1181	19
1182	21
1183	19
1184	14
1185	19
1186	19
1187	16
1188	16
1189	19
1190	21
1191	18
1192	18
1193	19
1194	21
1195	19
1196	18
1197	19
1198	21
1199	21
1200	18
1201	16
1202	21
1203	21
1204	19
1205	21
1206	19
1207	18
1208	16
1209	19
1210	18
1211	16
1212	19
1213	16
1214	18
1215	19
1216	14
1217	16
1218	21
1219	19
1220	19
1221	18
1222	19
1223	19
1224	16
1225	16
1226	21
1227	19
1228	16
1229	18
1230	19
1231	19
1232	19
1233	18
1234	19
1235	18
1236	18
1237	21
1238	19
1239	21
1240	18
1241	19
1242	6
1243	18
1244	18
1245	18
1246	14
1247	18
1248	18
1249	19
1250	16
1251	19
1252	21
1253	14
1254	19
1255	19
1256	18
1257	19
1258	19
1259	21
1260	10
1261	19
1262	19
1263	18
1264	19
1265	18
1266	19
1267	20
1268	16
1269	16
1270	19
1271	19
1272	19
1273	19
1274	20
1275	19
1276	19
1277	19
1278	20
1279	16
1280	16
1281	20
1282	21
1283	19
1284	19
1285	20
1286	19
1287	18
1288	16
1289	21
1290	21
1291	18
1292	16
1293	19
1294	19
1295	21
1296	16
1297	21
1298	16
1299	21
1300	21
1301	12
1302	19
1303	20
1304	14
1305	18
1306	18
1307	18
1308	19
1309	21
1310	21
1311	18
1312	21
1313	18
1314	20
1315	12
1316	10
1317	18
1318	21
1319	19
1320	12
1321	20
1322	19
1323	19
1324	10
1325	16
1326	18
1327	21
1328	18
1329	19
1330	21
1331	21
1332	20
1333	19
1334	18
1335	19
1336	12
1337	18
1338	20
1339	21
1340	19
1341	19
1342	21
1343	19
1344	18
1345	18
1346	18
1347	19
1348	19
1349	19
1350	21
1351	19
1352	19
1353	18
1354	14
1355	19
1356	21
1357	18
1358	12
1359	18
1360	20
1361	14
1362	20
1363	21
1364	19
1365	18
1366	19
1367	21
1368	19
1369	21
1370	19
1371	12
1372	19
1373	19
1374	19
1375	18
1376	18
1377	19
1378	12
1379	20
1380	19
1381	18
1382	19
1383	14
1384	21
1385	20
1386	21
1387	18
1388	18
1389	21
1390	21
1391	18
1392	19
1393	20
1394	21
1395	16
1396	20
1397	14
1398	21
1399	20
1400	20
1401	19
1402	14
1403	19
1404	21
1405	18
1406	21
1407	19
1408	21
1409	18
1410	18
1411	20
1412	21
1413	21
1414	19
1415	14
1416	19
1417	16
1418	21
1419	18
1420	16
1421	10
1422	21
1423	14
1424	10
1425	10
1426	18
1427	18
1428	20
1429	21
1430	20
1431	12
1432	16
1433	21
1434	19
1435	19
1436	20
1437	18
1438	10
1439	21
1440	18
1441	16
1442	21
1443	21
1444	21
1445	20
1446	19
1447	19
1448	19
1449	19
1450	14
1451	19
1452	21
1453	19
1454	19
1455	20
1456	19
1457	14
1458	20
1459	20
1460	19
1461	21
1462	16
1463	14
1464	21
1465	12
1466	19
1467	19
1468	20
1469	18
1470	21
1471	21
1472	20
1473	16
1474	18
1475	21
1476	21
1477	18
1478	21
1479	18
1480	20
1481	18
1482	19
1483	20
1484	19
1485	20
1486	21
1487	19
1488	19
1489	20
1490	19
1491	16
1492	12
1493	21
1494	19
1495	16
1496	21
1497	21
1498	19
1499	19
1500	8
1501	21
1502	21
1503	16
1504	20
1505	20
1506	20
1507	21
1508	21
1509	19
1510	18
1511	21
1512	21
1513	18
1514	18
1515	21
1516	16
1517	21
1518	14
1519	21
1520	21
1521	21
1522	16
1523	19
1524	21
1525	21
1526	19
1527	21
1528	21
1529	18
1530	19
1531	19
1532	21
1533	14
1534	12
1535	19
1536	14
1537	16
1538	21
1539	21
1540	16
1541	21
1542	16
1543	19
1544	20
1545	16
1546	20
1547	18
1548	19
1549	14
1550	19
1551	19
1552	16
1553	21
1554	21
1555	20
1556	21
1557	21
1558	14
1559	18
1560	19
1561	21
1562	20
1563	18
1564	21
1565	18
1566	18
1567	21
1568	18
1569	21
1570	18
1571	18
1572	20
1573	21
1574	18
1575	18
1576	21
1577	18
1578	20
1579	21
1580	21
1581	21
1582	18
1583	19
1584	19
1585	20
1586	19
1587	21
1588	21
1589	16
1590	21
1591	21
1592	21
1593	21
1594	19
1595	18
1596	14
1597	18
1598	20
1599	18
1600	20
1601	21
1602	20
1603	20
1604	18
1605	21
1606	16
1607	16
1608	16
1609	21
1610	19
1611	20
1612	21
1613	18
1614	21
1615	20
1616	19
1617	18
1618	21
1619	21
1620	21
1621	21
1622	20
1623	19
1624	16
1625	14
1626	21
1627	16
1628	10
1629	16
1630	14
1631	21
1632	20
1633	20
1634	16
1635	21
1636	19
1637	21
1638	18
1639	12
1640	21
1641	21
1642	21
1643	8
1644	19
1645	21
1646	8
1647	16
1648	20
1649	21
1650	21
1651	18
1652	14
1653	21
1654	18
1655	16
1656	14
1657	20
1658	21
1659	18
1660	21
1661	21
1662	21
1663	21
1664	21
1665	21
1666	21
1667	18
1668	21
1669	18
1670	21
1671	18
1672	21
1673	19
1674	20
1675	18
1676	14
1677	21
1678	21
1679	18
1680	21
1681	16
1682	16
1683	16
1684	14
1685	21
1686	19
1687	21
1688	18
1689	20
1690	18
1691	18
1692	21
1693	18
1694	21
1695	21
1696	20
1697	20
1698	18
1699	21
1700	20
1701	12
1702	21
1703	18
1704	19
1705	21
1706	20
1707	14
1708	18
1709	21
1710	21
1711	18
1712	20
1713	20
1714	18
1715	16
1716	18
1717	21
1718	21
1719	19
1720	20
1721	19
1722	21
1723	21
1724	21
1725	19
1726	21
1727	21
1728	20
1729	21
1730	19
1731	18
1732	20
1733	18
1734	21
1735	14
1736	21
1737	20
1738	16
1739	21
1740	19
1741	20
1742	21
1743	20
1744	21
1745	21
1746	19
1747	21
1748	21
1749	21
1750	16
1751	21
1752	21
1753	19
1754	18
1755	21
1756	18
1757	20
1758	21
1759	21
1760	21
1761	21
1762	21
1763	21
1764	18
1765	21
1766	12
1767	16
1768	20
1769	21
1770	21
1771	18
1772	21
1773	20
1774	16
1775	18
1776	16
1777	21
1778	19
1779	19
1780	21
1781	19
1782	18
1783	21
1784	18
1785	20
1786	21
1787	21
1788	21
1789	21
1790	14
1791	21
1792	21
1793	21
1794	21
1795	20
1796	16
1797	8
1798	20
1799	21
1800	21
1801	20
1802	21
1803	19
1804	20
1805	20
1806	21
1807	21
1808	20
1809	21
1810	19
1811	20
1812	20
1813	21
1814	16
1815	21
1816	16
1817	21
1818	18
1819	19
1820	19
1821	21
1822	14
1823	20
1824	20
1825	20
1826	18
1827	21
1828	21
1829	21
1830	21
1831	21
1832	12
1833	21
1834	21
1835	16
1836	14
1837	21
1838	21
1839	20
1840	19
1841	21
1842	18
1843	20
1844	21
1845	19
1846	20
1847	18
1848	18
1849	20
1850	21
1851	20
1852	21
1853	21
1854	20
1855	16
1856	21
1857	12
1858	12
1859	20
1860	21
1861	21
1862	18
1863	20
1864	21
1865	21
1866	20
1867	21
1868	21
1869	20
1870	16
1871	21
1872	20
1873	18
1874	18
1875	12
1876	20
1877	21
1878	21
1879	6
1880	19
1881	16
1882	20
1883	21
1884	21
1885	14
1886	2
1887	21
1888	20
1889	21
1890	21
1891	18
1892	21
1893	20
1894	21
1895	21
1896	14
1897	21
1898	21
1899	21
1900	14
1901	21
1902	20
1903	18
1904	18
1905	21
1906	21
1907	14
1908	21
1909	21
1910	10
1911	21
1912	21
1913	20
1914	21
1915	21
1916	21
1917	18
1918	21
1919	21
1920	21
1921	21
1922	20
1923	18
1924	14
1925	18
1926	20
1927	18
1928	21
1929	21
1930	21
1931	21
1932	20
1933	18
1934	21
1935	18
1936	21
1937	14
1938	21
1939	18
1940	20
1941	21
1942	18
1943	20
1944	21
1945	20
1946	20
1947	21
1948	21
1949	20
1950	20
1951	21
1952	8
1953	20
1954	18
1955	21
1956	18
1957	20
1958	20
1959	19
1960	21
1961	16
1962	18
1963	20
1964	21
1965	20
1966	20
1967	21
1968	21
1969	21
1970	16
1971	14
1972	21
1973	21
1974	21
1975	16
1976	21
1977	21
1978	20
1979	20
1980	21
1981	12
1982	20
1983	21
1984	18
1985	21
1986	21
1987	18
1988	21
1989	21
1990	21
1991	20
1992	20
1993	21
1994	20
1995	21
1996	16
1997	21
1998	21
1999	14
2000	21
2001	20
2002	20
2003	20
2004	21
2005	21
2006	21
2007	21
2008	21
2009	20
2010	16
2011	20
2012	21
2013	21
2014	21
2015	20
2016	21
2017	20
2018	20
2019	20
2020	21
2021	21
2022	21
2023	18
2024	20
2025	21
2026	21
2027	21
2028	21
2029	20
2030	21
2031	21
2032	20
2033	21
2034	20
2035	20
2036	21
2037	21
2038	21
2039	21
2040	21
2041	21
2042	21
2043	21
2044	18
2045	20
2046	21
2047	21
2048	21
2049	21
2050	21
2051	10
2052	16
2053	21
2054	21
2055	21
2056	20
2057	20
2058	21
2059	18
2060	21
2061	21
2062	20
2063	20
2064	21
2065	20
2066	21
2067	20
2068	21
2069	21
2070	12
2071	20
2072	16
2073	20
2074	16
2075	21
2076	20
2077	16
2078	20
2079	18
2080	18
2081	21
2082	21
2083	14
2084	20
2085	18
2086	18
2087	20
2088	20
2089	21
2090	22
2091	21
2092	18
2093	18
2094	21
2095	21
2096	21
2097	21
2098	20
2099	21
2100	18
2101	20
2102	21
2103	23
2104	21
2105	21
2106	10
2107	21
2108	18
2109	21
2110	18
2111	20
2112	16
2113	16
2114	18
2115	20
2116	21
2117	21
2118	18
2119	20
2120	21
2121	18
2122	21
2123	23
2124	20
2125	20
2126	21
2127	23
2128	20
2129	18
2130	21
2131	20
2132	18
2133	22
2134	16
2135	21
2136	23
2137	14
2138	21
2139	20
2140	21
2141	21
2142	18
2143	16
2144	21
2145	18
2146	21
2147	16
2148	21
2149	14
2150	20
2151	22
2152	18
2153	18
2154	21
2155	21
2156	18
2157	21
2158	21
2159	14
2160	21
2161	20
2162	20
2163	21
2164	21
2165	21
2166	16
2167	16
2168	21
2169	22
2170	18
2171	23
2172	21
2173	18
2174	20
2175	23
2176	20
2177	10
2178	21
2179	21
2180	16
2181	14
2182	20
2183	21
2184	21
2185	21
2186	18
2187	18
2188	20
2189	20
2190	21
2191	21
2192	21
2193	20
2194	23
2195	18
2196	20
2197	21
2198	21
2199	10
2200	21
2201	20
2202	18
2203	22
2204	21
2205	23
2206	21
2207	21
2208	21
2209	21
2210	21
2211	21
2212	21
2213	21
2214	21
2215	16
2216	21
2217	20
2218	21
2219	20
2220	21
2221	21
2222	21
2223	21
2224	20
2225	21
2226	21
2227	21
2228	21
2229	21
2230	21
2231	18
2232	23
2233	21
2234	18
2235	14
2236	20
2237	22
2238	20
2239	21
2240	20
2241	16
2242	21
2243	18
2244	23
2245	12
2246	21
2247	18
2248	21
2249	18
2250	21
2251	18
2252	21
2253	20
2254	21
2255	22
2256	21
2257	20
2258	21
2259	20
2260	23
2261	22
2262	20
2263	21
2264	20
2265	21
2266	20
2267	21
2268	21
2269	22
2270	20
2271	23
2272	22
2273	20
2274	18
2275	21
2276	20
2277	21
2278	20
2279	12
2280	20
2281	20
2282	18
2283	22
2284	10
2285	18
2286	21
2287	23
2288	21
2289	21
2290	21
2291	18
2292	16
2293	23
2294	18
2295	21
2296	16
2297	21
2298	21
2299	21
2300	18
2301	20
2302	23
2303	23
2304	21
2305	20
2306	16
2307	16
2308	21
2309	20
2310	20
2311	20
2312	16
2313	21
2314	18
2315	20
2316	18
2317	20
2318	21
2319	21
2320	21
2321	20
2322	21
2323	16
2324	21
2325	23
2326	21
2327	14
2328	23
2329	21
2330	20
2331	16
2332	20
2333	16
2334	21
2335	21
2336	14
2337	23
2338	16
2339	21
2340	21
2341	23
2342	21
2343	23
2344	23
2345	23
2346	21
2347	23
2348	21
2349	18
2350	10
2351	21
2352	12
2353	21
2354	20
2355	21
2356	14
2357	21
2358	20
2359	20
2360	20
2361	14
2362	21
2363	21
2364	16
2365	16
2366	21
2367	16
2368	21
2369	16
2370	20
2371	18
2372	23
2373	23
2374	22
2375	21
2376	21
2377	21
2378	21
2379	20
2380	21
2381	18
2382	20
2383	20
2384	21
2385	20
2386	20
2387	16
2388	22
2389	21
2390	22
2391	18
2392	21
2393	21
2394	20
2395	20
2396	21
2397	23
2398	20
2399	16
2400	21
2401	20
2402	16
2403	21
2404	18
2405	21
2406	21
2407	21
2408	18
2409	18
2410	4
2411	21
2412	20
2413	16
2414	18
2415	21
2416	21
2417	12
2418	18
2419	20
2420	20
2421	23
2422	21
2423	23
2424	16
2425	18
2426	21
2427	20
2428	21
2429	23
2430	22
2431	20
2432	21
2433	20
2434	18
2435	21
2436	20
2437	23
2438	21
2439	21
2440	20
2441	20
2442	20
2443	22
2444	23
2445	23
2446	21
2447	22
2448	18
2449	22
2450	23
2451	23
2452	16
2453	23
2454	18
2455	21
2456	21
2457	23
2458	21
2459	16
2460	21
2461	21
2462	16
2463	23
2464	21
2465	21
2466	23
2467	23
2468	16
2469	21
2470	23
2471	21
2472	21
2473	22
2474	16
2475	18
2476	18
2477	14
2478	18
2479	23
2480	20
2481	16
2482	22
2483	18
2484	20
2485	21
2486	23
2487	23
2488	20
2489	22
2490	20
2491	23
2492	23
2493	21
2494	18
2495	20
2496	21
2497	16
2498	21
2499	21
2500	21
2501	23
2502	14
2503	21
2504	20
2505	20
2506	21
2507	23
2508	20
2509	22
2510	23
2511	21
2512	22
2513	20
2514	23
2515	18
2516	23
2517	23
2518	16
2519	16
2520	20
2521	18
2522	22
2523	18
2524	22
2525	21
2526	18
2527	18
2528	21
2529	23
2530	21
2531	16
2532	20
2533	22
2534	14
2535	20
2536	23
2537	23
2538	18
2539	20
2540	21
2541	21
2542	20
2543	23
2544	23
2545	23
2546	21
2547	21
2548	21
2549	21
2550	21
2551	21
2552	23
2553	23
2554	23
2555	18
2556	22
2557	20
2558	21
2559	21
2560	14
2561	21
2562	23
2563	18
2564	21
2565	20
2566	23
2567	18
2568	21
2569	23
2570	22
2571	18
2572	18
2573	20
2574	23
2575	21
2576	22
2577	18
2578	14
2579	20
2580	21
2581	21
2582	22
2583	23
2584	14
2585	14
2586	21
2587	18
2588	21
2589	18
2590	20
2591	21
2592	18
2593	22
2594	22
2595	23
2596	23
2597	20
2598	16
2599	18
2600	21
2601	21
2602	21
2603	20
2604	23
2605	21
2606	23
2607	21
2608	23
2609	10
2610	21
2611	20
2612	20
2613	21
2614	23
2615	18
2616	23
2617	21
2618	23
2619	21
2620	20
2621	12
2622	20
2623	20
2624	23
2625	20
2626	22
2627	20
2628	20
2629	23
2630	20
2631	23
2632	14
2633	20
2634	20
2635	23
2636	21
2637	20
2638	21
2639	18
2640	20
2641	21
2642	21
2643	18
2644	23
2645	18
2646	21
2647	21
2648	18
2649	20
2650	18
2651	23
2652	20
2653	23
2654	22
2655	23
2656	23
2657	20
2658	21
2659	21
2660	23
2661	22
2662	23
2663	20
2664	22
2665	23
2666	21
2667	23
2668	23
2669	23
2670	20
2671	21
2672	20
2673	23
2674	21
2675	21
2676	20
2677	20
2678	22
2679	22
2680	23
2681	21
2682	21
2683	20
2684	18
2685	14
2686	21
2687	23
2688	23
2689	18
2690	22
2691	23
2692	21
2693	23
2694	20
2695	23
2696	23
2697	21
2698	4
2699	22
2700	22
2701	23
2702	20
2703	18
2704	22
2705	23
2706	23
2707	22
2708	20
2709	20
2710	20
2711	12
2712	20
2713	22
2714	23
2715	21
2716	23
2717	16
2718	21
2719	21
2720	21
2721	20
2722	23
2723	21
2724	22
2725	18
2726	22
2727	16
2728	22
2729	21
2730	23
2731	22
2732	18
2733	22
2734	20
2735	21
2736	21
2737	22
2738	20
2739	20
2740	22
2741	23
2742	22
2743	22
2744	18
2745	23
2746	22
2747	22
2748	23
2749	22
2750	23
2751	22
2752	18
2753	21
2754	16
2755	18
2756	18
2757	16
2758	21
2759	22
2760	20
2761	20
2762	23
2763	14
2764	20
2765	23
2766	23
2767	21
2768	23
2769	21
2770	21
2771	21
2772	20
2773	23
2774	16
2775	22
2776	18
2777	22
2778	18
2779	18
2780	23
2781	18
2782	21
2783	22
2784	16
2785	21
2786	8
2787	21
2788	21
2789	23
2790	21
2791	23
2792	21
2793	6
2794	23
2795	12
2796	21
2797	20
2798	18
2799	12
2800	23
2801	22
2802	20
2803	21
2804	18
2805	20
2806	14
2807	23
2808	23
2809	22
2810	16
2811	14
2812	23
2813	21
2814	14
2815	23
2816	21
2817	20
2818	14
2819	23
2820	21
2821	18
2822	21
2823	21
2824	21
2825	18
2826	23
2827	20
2828	20
2829	20
2830	23
2831	21
2832	21
2833	23
2834	21
2835	21
2836	16
2837	21
2838	20
2839	23
2840	22
2841	21
2842	22
2843	23
2844	21
2845	22
2846	23
2847	23
2848	21
2849	21
2850	23
2851	20
2852	23
2853	21
2854	21
2855	20
2856	16
2857	23
2858	18
2859	20
2860	21
2861	21
2862	21
2863	20
2864	23
2865	21
2866	20
2867	21
2868	23
2869	23
2870	10
2871	18
2872	21
2873	23
2874	22
2875	20
2876	21
2877	22
2878	22
2879	23
2880	18
2881	22
2882	23
2883	23
2884	16
2885	23
2886	22
2887	23
2888	23
2889	21
2890	23
2891	21
2892	20
2893	23
2894	23
2895	23
2896	16
2897	21
2898	23
2899	22
2900	20
2901	23
2902	20
2903	20
2904	20
2905	18
2906	21
2907	20
2908	23
2909	22
2910	22
2911	20
2912	23
2913	22
2914	21
2915	21
2916	23
2917	22
2918	23
2919	16
2920	20
2921	20
2922	21
2923	18
2924	21
2925	14
2926	22
2927	18
2928	20
2929	21
2930	22
2931	18
2932	23
2933	22
2934	23
2935	22
2936	23
2937	18
2938	23
2939	14
2940	23
2941	20
2942	20
2943	23
2944	21
2945	21
2946	22
2947	18
2948	23
2949	21
2950	23
2951	23
2952	22
2953	23
2954	18
2955	18
2956	23
2957	20
2958	22
2959	23
2960	18
2961	21
2962	23
2963	23
2964	20
2965	21
2966	21
2967	22
2968	23
2969	23
2970	21
2971	23
2972	23
2973	10
2974	23
2975	22
2976	18
2977	14
2978	22
2979	23
2980	23
2981	23
2982	22
2983	23
2984	20
2985	16
2986	23
2987	22
2988	22
2989	23
2990	21
2991	22
2992	20
2993	20
2994	20
2995	22
2996	23
2997	23
2998	22
2999	4
3000	22
3001	23
3002	21
3003	23
3004	23
3005	23
3006	23
3007	20
3008	21
3009	23
3010	20
3011	23
3012	23
3013	23
3014	21
3015	20
3016	18
3017	23
3018	20
3019	23
3020	23
3021	18
3022	21
3023	23
3024	12
3025	23
3026	21
3027	20
3028	20
3029	22
3030	18
3031	23
3032	23
3033	20
3034	16
3035	18
3036	16
3037	20
3038	23
3039	21
3040	23
3041	22
3042	23
3043	22
3044	20
3045	22
3046	18
3047	23
3048	23
3049	20
3050	18
3051	16
3052	21
3053	22
3054	22
3055	22
3056	18
3057	22
3058	18
3059	14
3060	22
3061	23
3062	23
3063	20
3064	23
3065	23
3066	14
3067	16
3068	14
3069	18
3070	21
3071	20
3072	20
3073	22
3074	16
3075	23
3076	22
3077	20
3078	21
3079	22
3080	22
3081	21
3082	23
3083	20
3084	21
3085	22
3086	22
3087	22
3088	22
3089	21
3090	23
3091	23
3092	23
3093	14
3094	22
3095	23
3096	20
3097	20
3098	23
3099	22
3100	21
3101	20
3102	22
3103	21
3104	12
3105	20
3106	22
3107	22
3108	22
3109	23
3110	20
3111	21
3112	22
3113	22
3114	23
3115	18
3116	22
3117	18
3118	22
3119	23
3120	22
3121	18
3122	16
3123	23
3124	18
3125	23
3126	23
3127	23
3128	22
3129	23
3130	20
3131	18
3132	21
3133	23
3134	18
3135	21
3136	22
3137	18
3138	20
3139	20
3140	23
3141	20
3142	14
3143	20
3144	22
3145	18
3146	20
3147	20
3148	20
3149	22
3150	16
3151	20
3152	22
3153	21
3154	18
3155	18
3156	21
3157	23
3158	18
3159	20
3160	20
3161	23
3162	16
3163	16
3164	12
3165	23
3166	16
3167	21
3168	22
3169	16
3170	23
3171	14
3172	23
3173	16
3174	22
3175	23
3176	23
3177	23
3178	20
3179	18
3180	22
3181	23
3182	22
3183	23
3184	23
3185	23
3186	23
3187	23
3188	12
3189	22
3190	22
3191	23
3192	21
3193	22
3194	23
3195	22
3196	20
3197	23
3198	10
3199	21
3200	23
3201	20
3202	20
3203	16
3204	23
3205	21
3206	12
3207	22
3208	21
3209	23
3210	23
3211	20
3212	23
3213	14
3214	22
3215	23
3216	22
3217	20
3218	20
3219	18
3220	21
3221	18
3222	22
3223	23
3224	18
3225	23
3226	18
3227	22
3228	23
3229	23
3230	20
3231	23
3232	23
3233	18
3234	20
3235	20
3236	20
3237	23
3238	20
3239	23
3240	22
3241	23
3242	23
3243	22
3244	21
3245	22
3246	18
3247	23
3248	20
3249	20
3250	23
3251	23
3252	16
3253	23
3254	20
3255	21
3256	20
3257	21
3258	22
3259	22
3260	16
3261	23
3262	20
3263	23
3264	21
3265	21
3266	20
3267	18
3268	23
3269	21
3270	14
3271	18
3272	23
3273	20
3274	20
3275	23
3276	18
3277	23
3278	23
3279	23
3280	23
3281	23
3282	23
3283	21
3284	23
3285	21
3286	22
3287	22
3288	18
3289	12
3290	22
3291	23
3292	23
3293	21
3294	22
3295	21
3296	22
3297	21
3298	23
3299	20
3300	22
3301	23
3302	23
3303	22
3304	22
3305	14
3306	20
3307	20
3308	18
3309	23
3310	23
3311	22
3312	20
3313	20
3314	20
3315	23
3316	23
3317	20
3318	18
3319	23
3320	21
3321	16
3322	23
3323	23
3324	16
3325	21
3326	21
3327	23
3328	20
3329	21
3330	22
3331	23
3332	23
3333	20
3334	18
3335	23
3336	22
3337	21
3338	23
3339	23
3340	18
3341	6
3342	20
3343	23
3344	16
3345	22
3346	23
3347	22
3348	22
3349	23
3350	20
3351	22
3352	23
3353	21
3354	14
3355	22
3356	20
3357	23
3358	23
3359	23
3360	21
3361	23
3362	20
3363	23
3364	23
3365	23
3366	22
3367	23
3368	20
3369	14
3370	23
3371	23
3372	12
3373	23
3374	23
3375	12
3376	22
3377	23
3378	23
3379	23
3380	23
3381	20
3382	21
3383	23
3384	21
3385	23
3386	23
3387	18
3388	23
3389	23
3390	18
3391	23
3392	21
3393	23
3394	20
3395	21
3396	14
3397	20
3398	21
3399	21
3400	23
3401	20
3402	22
3403	23
3404	23
3405	23
3406	10
3407	14
3408	23
3409	22
3410	20
3411	21
3412	12
3413	21
3414	20
3415	14
3416	20
3417	20
3418	23
3419	23
3420	23
3421	21
3422	23
3423	23
3424	23
3425	23
3426	23
3427	23
3428	23
3429	16
3430	20
3431	20
3432	23
3433	21
3434	23
3435	22
3436	22
3437	23
3438	20
3439	18
3440	23
3441	18
3442	23
3443	22
3444	21
3445	20
3446	22
3447	23
3448	23
3449	21
3450	20
3451	22
3452	23
3453	23
3454	18
3455	22
3456	23
3457	23
3458	23
3459	21
3460	22
3461	23
3462	22
3463	23
3464	10
3465	22
3466	22
3467	20
3468	23
3469	23
3470	20
3471	16
3472	22
3473	18
3474	23
3475	20
3476	23
3477	20
3478	22
3479	23
3480	23
3481	23
3482	22
3483	22
3484	23
3485	23
3486	23
3487	23
3488	21
3489	22
3490	14
3491	22
3492	20
3493	21
3494	23
3495	23
3496	20
3497	22
3498	23
3499	16
3500	22
3501	21
3502	21
3503	21
3504	21
3505	20
3506	22
3507	23
3508	20
3509	23
3510	21
3511	20
3512	23
3513	20
3514	21
3515	20
3516	23
3517	23
3518	23
3519	23
3520	23
3521	23
3522	20
3523	23
3524	20
3525	6
3526	18
3527	23
3528	22
3529	18
3530	23
3531	23
3532	22
3533	23
3534	22
3535	23
3536	23
3537	22
3538	22
3539	23
3540	23
3541	18
3542	23
3543	20
3544	23
3545	23
3546	23
3547	22
3548	23
3549	22
3550	23
3551	20
3552	18
3553	16
3554	22
3555	23
3556	23
3557	23
3558	22
3559	23
3560	22
3561	23
3562	20
3563	23
3564	23
3565	22
3566	20
3567	20
3568	23
3569	23
3570	22
3571	18
3572	18
3573	22
3574	23
3575	23
3576	23
3577	10
3578	22
3579	20
3580	23
3581	23
3582	14
3583	22
3584	22
3585	22
3586	22
3587	23
3588	23
3589	20
3590	23
3591	23
3592	23
3593	23
3594	23
3595	23
3596	22
3597	22
3598	23
3599	21
3600	23
3601	22
3602	23
3603	23
3604	20
3605	23
3606	22
3607	18
3608	23
3609	23
3610	21
3611	22
3612	23
3613	20
3614	22
3615	22
3616	23
3617	22
3618	23
3619	21
3620	23
3621	18
3622	23
3623	23
3624	22
3625	23
3626	18
3627	23
3628	23
3629	23
3630	23
3631	22
3632	23
3633	21
3634	22
3635	20
3636	22
3637	23
3638	23
3639	18
3640	20
3641	22
3642	22
3643	22
3644	20
3645	23
3646	14
3647	22
3648	21
3649	18
3650	22
3651	23
3652	22
3653	23
3654	22
3655	14
3656	20
3657	20
3658	23
3659	23
3660	23
3661	23
3662	22
3663	14
3664	18
3665	14
3666	22
3667	23
3668	22
3669	22
3670	20
3671	22
3672	23
3673	21
3674	22
3675	23
3676	23
3677	23
3678	23
3679	21
3680	16
3681	22
3682	20
3683	23
3684	23
3685	23
3686	23
3687	23
3688	23
3689	22
3690	22
3691	20
3692	22
3693	23
3694	21
3695	20
3696	23
3697	23
3698	20
3699	21
3700	18
3701	16
3702	22
3703	14
3704	23
3705	22
3706	23
3707	23
3708	23
3709	20
3710	21
3711	22
3712	20
3713	22
3714	20
3715	23
3716	22
3717	20
3718	23
3719	23
3720	22
3721	18
3722	22
3723	23
3724	23
3725	23
3726	23
3727	20
3728	20
3729	20
3730	21
3731	20
3732	23
3733	22
3734	20
3735	23
3736	23
3737	23
3738	16
3739	23
3740	22
3741	22
3742	22
3743	23
3744	23
3745	16
3746	20
3747	23
3748	23
3749	23
3750	23
3751	23
3752	14
3753	8
3754	12
3755	20
3756	23
3757	22
3758	18
3759	23
3760	10
3761	16
3762	18
3763	16
3764	23
3765	22
3766	23
3767	20
3768	23
3769	22
3770	23
3771	22
3772	23
3773	22
3774	23
3775	22
3776	23
3777	22
3778	23
3779	23
3780	18
3781	23
3782	22
3783	16
3784	23
3785	20
3786	23
3787	22
3788	23
3789	23
3790	23
3791	20
3792	22
3793	23
3794	22
3795	23
3796	22
3797	23
3798	22
3799	20
3800	23
3801	23
3802	23
3803	23
3804	18
3805	20
3806	18
3807	22
3808	22
3809	23
3810	21
3811	23
3812	23
3813	22
3814	23
3815	23
3816	23
3817	23
3818	21
3819	23
3820	23
3821	23
3822	23
3823	23
3824	21
3825	20
3826	22
3827	23
3828	23
3829	22
3830	23
3831	20
3832	23
3833	23
3834	16
3835	23
3836	20
3837	23
3838	22
3839	20
3840	22
3841	20
3842	23
3843	14
3844	23
3845	18
3846	23
3847	23
3848	23
3849	23
3850	21
3851	20
3852	22
3853	23
3854	23
3855	20
3856	23
3857	22
3858	23
3859	23
3860	12
3861	16
3862	20
3863	18
3864	22
3865	21
3866	23
3867	23
3868	16
3869	23
3870	18
3871	18
3872	23
3873	14
3874	20
3875	23
3876	23
3877	22
3878	20
3879	22
3880	22
3881	14
3882	23
3883	23
3884	23
3885	18
3886	22
3887	23
3888	22
3889	23
3890	23
3891	12
3892	16
3893	23
3894	23
3895	23
3896	20
3897	23
3898	23
3899	16
3900	23
3901	20
3902	20
3903	22
3904	23
3905	22
3906	23
3907	20
3908	23
3909	20
3910	20
3911	22
3912	23
3913	20
3914	18
3915	23
3916	18
3917	22
3918	18
3919	23
3920	23
3921	22
3922	12
3923	23
3924	23
3925	23
3926	23
3927	20
3928	22
3929	23
3930	23
3931	22
3932	20
3933	23
3934	20
3935	23
3936	23
3937	23
3938	22
3939	23
3940	23
3941	21
3942	23
3943	23
3944	23
3945	23
3946	23
3947	12
3948	23
3949	23
3950	23
3951	22
3952	18
3953	22
3954	22
3955	20
3956	20
3957	23
3958	23
3959	23
3960	23
3961	23
3962	23
3963	23
3964	20
3965	23
3966	22
3967	21
3968	23
3969	23
3970	18
3971	22
3972	20
3973	23
3974	22
3975	23
3976	23
3977	23
3978	23
3979	23
3980	23
3981	23
3982	23
3983	23
3984	18
3985	23
3986	22
3987	20
3988	23
3989	23
3990	22
3991	23
3992	23
3993	20
3994	22
3995	22
3996	23
3997	16
3998	23
3999	23
4000	23
4001	18
4002	22
4003	22
4004	22
4005	23
4006	22
4007	22
4008	23
4009	22
4010	23
4011	23
4012	23
4013	23
4014	23
4015	22
4016	20
4017	22
4018	16
4019	22
4020	22
4021	23
4022	22
4023	23
4024	22
4025	20
4026	22
4027	23
4028	22
4029	23
4030	22
4031	14
4032	20
4033	23
4034	23
4035	23
4036	23
4037	22
4038	22
4039	23
4040	20
4041	23
4042	23
4043	22
4044	23
4045	23
4046	22
4047	23
4048	22
4049	23
4050	22
4051	23
4052	23
4053	23
4054	23
4055	22
4056	23
4057	22
4058	16
4059	23
4060	23
4061	23
4062	18
4063	23
4064	20
4065	20
4066	23
4067	23
4068	22
4069	23
4070	22
4071	23
4072	20
4073	22
4074	22
4075	20
4076	23
4077	20
4078	23
4079	23
4080	18
4081	22
4082	22
4083	23
4084	10
4085	23
4086	14
4087	22
4088	22
4089	22
4090	23
4091	23
4092	23
4093	23
4094	23
4095	23
4096	23
4097	20
4098	20
4099	18
4100	22
4101	23
4102	20
4103	23
4104	23
4105	22
4106	20
4107	23
4108	22
4109	23
4110	23
4111	23
4112	23
4113	23
4114	23
4115	23
4116	23
4117	16
4118	18
4119	18
4120	23
4121	23
4122	25
4123	25
4124	22
4125	22
4126	16
4127	22
4128	22
4129	23
4130	22
4131	20
4132	25
4133	22
4134	16
4135	23
4136	12
4137	18
4138	22
4139	20
4140	23
4141	22
4142	23
4143	20
4144	23
4145	23
4146	20
4147	20
4148	22
4149	23
4150	23
4151	22
4152	16
4153	24
4154	23
4155	22
4156	23
4157	22
4158	23
4159	23
4160	22
4161	20
4162	23
4163	23
4164	22
4165	23
4166	23
4167	22
4168	23
4169	23
4170	23
4171	23
4172	22
4173	22
4174	22
4175	18
4176	22
4177	23
4178	22
4179	22
4180	23
4181	23
4182	20
4183	22
4184	22
4185	18
4186	16
4187	22
4188	22
4189	23
4190	23
4191	23
4192	22
4193	23
4194	23
4195	23
4196	23
4197	23
4198	22
4199	12
4200	22
4201	23
4202	23
4203	23
4204	16
4205	22
4206	23
4207	18
4208	23
4209	23
4210	23
4211	23
4212	23
4213	18
4214	22
4215	23
4216	25
4217	20
4218	22
4219	23
4220	22
4221	23
4222	23
4223	23
4224	12
4225	16
4226	23
4227	18
4228	23
4229	23
4230	25
4231	22
4232	23
4233	22
4234	14
4235	23
4236	23
4237	23
4238	18
4239	23
4240	20
4241	24
4242	20
4243	22
4244	6
4245	20
4246	22
4247	23
4248	18
4249	23
4250	20
4251	23
4252	22
4253	23
4254	23
4255	23
4256	22
4257	22
4258	20
4259	18
4260	23
4261	20
4262	22
4263	22
4264	23
4265	23
4266	23
4267	23
4268	23
4269	20
4270	20
4271	23
4272	23
4273	22
4274	20
4275	23
4276	12
4277	18
4278	20
4279	18
4280	22
4281	23
4282	23
4283	23
4284	18
4285	24
4286	23
4287	20
4288	18
4289	23
4290	22
4291	23
4292	23
4293	23
4294	23
4295	23
4296	24
4297	22
4298	20
4299	18
4300	23
4301	22
4302	22
4303	23
4304	23
4305	23
4306	25
4307	22
4308	23
4309	23
4310	25
4311	24
4312	23
4313	23
4314	23
4315	23
4316	23
4317	23
4318	20
4319	23
4320	23
4321	22
4322	23
4323	20
4324	22
4325	24
4326	25
4327	22
4328	23
4329	23
4330	20
4331	16
4332	23
4333	20
4334	24
4335	23
4336	18
4337	22
4338	23
4339	22
4340	20
4341	20
4342	23
4343	23
4344	20
4345	22
4346	20
4347	23
4348	23
4349	22
4350	20
4351	23
4352	18
4353	20
4354	22
4355	23
4356	23
4357	23
4358	20
4359	20
4360	16
4361	20
4362	22
4363	25
4364	23
4365	23
4366	23
4367	22
4368	25
4369	23
4370	23
4371	22
4372	20
4373	22
4374	18
4375	23
4376	23
4377	23
4378	20
4379	20
4380	23
4381	23
4382	23
4383	23
4384	23
4385	22
4386	22
4387	18
4388	23
4389	23
4390	22
4391	2
4392	20
4393	23
4394	23
4395	16
4396	23
4397	22
4398	16
4399	12
4400	20
4401	23
4402	23
4403	23
4404	23
4405	22
4406	23
4407	22
4408	22
4409	22
4410	25
4411	23
4412	23
4413	22
4414	22
4415	23
4416	23
4417	22
4418	20
4419	23
4420	18
4421	22
4422	22
4423	12
4424	23
4425	22
4426	22
4427	23
4428	23
4429	25
4430	20
4431	18
4432	22
4433	18
4434	23
4435	25
4436	22
4437	24
4438	23
4439	24
4440	23
4441	14
4442	23
4443	22
4444	23
4445	24
4446	23
4447	22
4448	18
4449	20
4450	23
4451	23
4452	22
4453	22
4454	25
4455	23
4456	23
4457	22
4458	23
4459	23
4460	23
4461	23
4462	23
4463	23
4464	18
4465	14
4466	22
4467	22
4468	25
4469	25
4470	23
4471	23
4472	20
4473	18
4474	22
4475	22
4476	20
4477	23
4478	23
4479	22
4480	23
4481	25
4482	22
4483	23
4484	23
4485	23
4486	23
4487	22
4488	23
4489	22
4490	23
4491	22
4492	23
4493	22
4494	22
4495	25
4496	23
4497	20
4498	18
4499	25
4500	23
4501	23
4502	23
4503	22
4504	23
4505	20
4506	23
4507	20
4508	23
4509	22
4510	23
4511	23
4512	22
4513	25
4514	24
4515	23
4516	23
4517	20
4518	23
4519	14
4520	18
4521	22
4522	25
4523	22
4524	22
4525	23
4526	18
4527	22
4528	2
4529	22
4530	22
4531	22
4532	22
4533	23
4534	25
4535	22
4536	20
4537	22
4538	23
4539	23
4540	20
4541	23
4542	22
4543	23
4544	23
4545	22
4546	24
4547	23
4548	23
4549	22
4550	22
4551	18
4552	23
4553	23
4554	20
4555	25
4556	23
4557	23
4558	22
4559	25
4560	23
4561	23
4562	24
4563	14
4564	20
4565	22
4566	18
4567	25
4568	20
4569	23
4570	23
4571	23
4572	18
4573	22
4574	18
4575	22
4576	25
4577	23
4578	23
4579	23
4580	23
4581	25
4582	22
4583	23
4584	22
4585	23
4586	22
4587	23
4588	23
4589	22
4590	20
4591	25
4592	23
4593	23
4594	23
4595	23
4596	22
4597	25
4598	20
4599	18
4600	23
4601	23
4602	23
4603	22
4604	20
4605	25
4606	22
4607	22
4608	22
4609	23
4610	22
4611	23
4612	18
4613	20
4614	22
4615	22
4616	14
4617	18
4618	12
4619	23
4620	23
4621	20
4622	23
4623	22
4624	23
4625	22
4626	25
4627	25
4628	23
4629	25
4630	8
4631	23
4632	23
4633	23
4634	18
4635	25
4636	22
4637	23
4638	25
4639	23
4640	23
4641	24
4642	22
4643	24
4644	23
4645	22
4646	25
4647	18
4648	24
4649	16
4650	20
4651	18
4652	22
4653	23
4654	23
4655	24
4656	22
4657	23
4658	22
4659	18
4660	23
4661	22
4662	16
4663	25
4664	20
4665	22
4666	20
4667	22
4668	23
4669	22
4670	20
4671	14
4672	22
4673	23
4674	18
4675	20
4676	24
4677	24
4678	23
4679	23
4680	23
4681	25
4682	22
4683	22
4684	23
4685	23
4686	23
4687	16
4688	25
4689	23
4690	22
4691	22
4692	18
4693	23
4694	20
4695	22
4696	20
4697	25
4698	20
4699	23
4700	23
4701	23
4702	23
4703	24
4704	23
4705	22
4706	22
4707	24
4708	23
4709	23
4710	22
4711	23
4712	25
4713	23
4714	18
4715	25
4716	23
4717	25
4718	23
4719	23
4720	20
4721	22
4722	20
4723	23
4724	22
4725	18
4726	24
4727	23
4728	25
4729	20
4730	23
4731	16
4732	23
4733	24
4734	22
4735	24
4736	23
4737	20
4738	23
4739	22
4740	24
4741	22
4742	22
4743	22
4744	25
4745	24
4746	16
4747	23
4748	23
4749	23
4750	18
4751	24
4752	22
4753	24
4754	20
4755	25
4756	22
4757	23
4758	23
4759	24
4760	22
4761	25
4762	22
4763	22
4764	23
4765	22
4766	14
4767	22
4768	23
4769	12
4770	20
4771	23
4772	22
4773	25
4774	22
4775	23
4776	16
4777	23
4778	23
4779	22
4780	22
4781	25
4782	25
4783	22
4784	22
4785	23
4786	22
4787	25
4788	18
4789	20
4790	23
4791	20
4792	24
4793	23
4794	20
4795	23
4796	22
4797	23
4798	23
4799	23
4800	20
4801	25
4802	23
4803	24
4804	23
4805	23
4806	18
4807	20
4808	24
4809	23
4810	20
4811	22
4812	20
4813	23
4814	18
4815	23
4816	22
4817	22
4818	18
4819	20
4820	24
4821	18
4822	23
4823	23
4824	25
4825	22
4826	22
4827	25
4828	22
4829	23
4830	23
4831	23
4832	18
4833	23
4834	23
4835	23
4836	22
4837	22
4838	23
4839	24
4840	23
4841	22
4842	25
4843	22
4844	23
4845	22
4846	23
4847	20
4848	20
4849	22
4850	25
4851	22
4852	24
4853	22
4854	23
4855	23
4856	23
4857	25
4858	23
4859	24
4860	22
4861	20
4862	12
4863	12
4864	22
4865	22
4866	22
4867	25
4868	23
4869	25
4870	16
4871	23
4872	20
4873	18
4874	23
4875	22
4876	23
4877	23
4878	23
4879	22
4880	20
4881	14
4882	22
4883	22
4884	25
4885	18
4886	18
4887	23
4888	23
4889	24
4890	25
4891	14
4892	20
4893	23
4894	23
4895	16
4896	25
4897	8
4898	23
4899	24
4900	22
4901	22
4902	25
4903	25
4904	23
4905	23
4906	18
4907	20
4908	24
4909	18
4910	22
4911	23
4912	14
4913	23
4914	23
4915	20
4916	20
4917	20
4918	24
4919	23
4920	22
4921	24
4922	20
4923	23
4924	20
4925	23
4926	24
4927	23
4928	20
4929	23
4930	23
4931	23
4932	22
4933	14
4934	23
4935	25
4936	23
4937	22
4938	23
4939	24
4940	14
4941	25
4942	23
4943	23
4944	25
4945	23
4946	22
4947	25
4948	23
4949	22
4950	23
4951	20
4952	23
4953	23
4954	23
4955	22
4956	24
4957	23
4958	16
4959	23
4960	20
4961	20
4962	23
4963	16
4964	25
4965	18
4966	22
4967	22
4968	18
4969	20
4970	22
4971	18
4972	25
4973	20
4974	25
4975	23
4976	23
4977	22
4978	24
4979	22
4980	23
4981	25
4982	25
4983	23
4984	23
4985	25
4986	23
4987	23
4988	25
4989	25
4990	22
4991	23
4992	23
4993	23
4994	25
4995	25
4996	24
4997	20
4998	22
4999	24
5000	22
